,Alpha,Beta,Tau,Exploration
0,0.1,0.1,0.1,872
1,0.1,0.1,0.2,932
2,0.1,0.1,0.3,1599
3,0.1,0.1,0.4,1734
4,0.1,0.1,0.5,2501
5,0.1,0.1,0.6,2711
6,0.1,0.1,0.7,2833
7,0.1,0.1,0.7999999999999999,2811
8,0.1,0.1,0.8999999999999999,2900
9,0.1,0.1,0.9999999999999999,3156
10,0.1,0.1,1.0999999999999999,3017
11,0.1,0.1,1.2,3145
12,0.1,0.1,1.3,3475
13,0.1,0.1,1.4,2532
14,0.1,0.1,1.5,2088
15,0.1,0.1,1.5999999999999999,3134
16,0.1,0.1,1.7,3153
17,0.1,0.1,1.8,3124
18,0.1,0.1,1.9,4634
19,0.1,0.1,2.0,2894
20,0.1,0.18888888888888888,0.1,1148
21,0.1,0.18888888888888888,0.2,843
22,0.1,0.18888888888888888,0.3,1926
23,0.1,0.18888888888888888,0.4,1609
24,0.1,0.18888888888888888,0.5,1859
25,0.1,0.18888888888888888,0.6,1534
26,0.1,0.18888888888888888,0.7,2397
27,0.1,0.18888888888888888,0.7999999999999999,1660
28,0.1,0.18888888888888888,0.8999999999999999,1176
29,0.1,0.18888888888888888,0.9999999999999999,1720
30,0.1,0.18888888888888888,1.0999999999999999,3091
31,0.1,0.18888888888888888,1.2,3753
32,0.1,0.18888888888888888,1.3,3131
33,0.1,0.18888888888888888,1.4,3135
34,0.1,0.18888888888888888,1.5,3782
35,0.1,0.18888888888888888,1.5999999999999999,3325
36,0.1,0.18888888888888888,1.7,2910
37,0.1,0.18888888888888888,1.8,2984
38,0.1,0.18888888888888888,1.9,3101
39,0.1,0.18888888888888888,2.0,3322
40,0.1,0.2777777777777778,0.1,606
41,0.1,0.2777777777777778,0.2,799
42,0.1,0.2777777777777778,0.3,919
43,0.1,0.2777777777777778,0.4,945
44,0.1,0.2777777777777778,0.5,1750
45,0.1,0.2777777777777778,0.6,1102
46,0.1,0.2777777777777778,0.7,607
47,0.1,0.2777777777777778,0.7999999999999999,461
48,0.1,0.2777777777777778,0.8999999999999999,1536
49,0.1,0.2777777777777778,0.9999999999999999,2463
50,0.1,0.2777777777777778,1.0999999999999999,1879
51,0.1,0.2777777777777778,1.2,1716
52,0.1,0.2777777777777778,1.3,2334
53,0.1,0.2777777777777778,1.4,1624
54,0.1,0.2777777777777778,1.5,2259
55,0.1,0.2777777777777778,1.5999999999999999,1122
56,0.1,0.2777777777777778,1.7,1126
57,0.1,0.2777777777777778,1.8,2032
58,0.1,0.2777777777777778,1.9,1971
59,0.1,0.2777777777777778,2.0,1379
60,0.1,0.3666666666666667,0.1,288
61,0.1,0.3666666666666667,0.2,654
62,0.1,0.3666666666666667,0.3,1029
63,0.1,0.3666666666666667,0.4,1102
64,0.1,0.3666666666666667,0.5,1321
65,0.1,0.3666666666666667,0.6,2359
66,0.1,0.3666666666666667,0.7,1125
67,0.1,0.3666666666666667,0.7999999999999999,2231
68,0.1,0.3666666666666667,0.8999999999999999,1640
69,0.1,0.3666666666666667,0.9999999999999999,990
70,0.1,0.3666666666666667,1.0999999999999999,1602
71,0.1,0.3666666666666667,1.2,2696
72,0.1,0.3666666666666667,1.3,2217
73,0.1,0.3666666666666667,1.4,1418
74,0.1,0.3666666666666667,1.5,2249
75,0.1,0.3666666666666667,1.5999999999999999,1352
76,0.1,0.3666666666666667,1.7,1017
77,0.1,0.3666666666666667,1.8,2447
78,0.1,0.3666666666666667,1.9,1360
79,0.1,0.3666666666666667,2.0,2914
80,0.1,0.4555555555555556,0.1,671
81,0.1,0.4555555555555556,0.2,763
82,0.1,0.4555555555555556,0.3,919
83,0.1,0.4555555555555556,0.4,1676
84,0.1,0.4555555555555556,0.5,1752
85,0.1,0.4555555555555556,0.6,3685
86,0.1,0.4555555555555556,0.7,1892
87,0.1,0.4555555555555556,0.7999999999999999,1934
88,0.1,0.4555555555555556,0.8999999999999999,1674
89,0.1,0.4555555555555556,0.9999999999999999,2942
90,0.1,0.4555555555555556,1.0999999999999999,2800
91,0.1,0.4555555555555556,1.2,715
92,0.1,0.4555555555555556,1.3,2272
93,0.1,0.4555555555555556,1.4,3229
94,0.1,0.4555555555555556,1.5,2174
95,0.1,0.4555555555555556,1.5999999999999999,1777
96,0.1,0.4555555555555556,1.7,1616
97,0.1,0.4555555555555556,1.8,1050
98,0.1,0.4555555555555556,1.9,1320
99,0.1,0.4555555555555556,2.0,1508
100,0.1,0.5444444444444445,0.1,1374
101,0.1,0.5444444444444445,0.2,683
102,0.1,0.5444444444444445,0.3,488
103,0.1,0.5444444444444445,0.4,614
104,0.1,0.5444444444444445,0.5,1366
105,0.1,0.5444444444444445,0.6,1068
106,0.1,0.5444444444444445,0.7,656
107,0.1,0.5444444444444445,0.7999999999999999,904
108,0.1,0.5444444444444445,0.8999999999999999,967
109,0.1,0.5444444444444445,0.9999999999999999,928
110,0.1,0.5444444444444445,1.0999999999999999,680
111,0.1,0.5444444444444445,1.2,1297
112,0.1,0.5444444444444445,1.3,2800
113,0.1,0.5444444444444445,1.4,978
114,0.1,0.5444444444444445,1.5,1177
115,0.1,0.5444444444444445,1.5999999999999999,1177
116,0.1,0.5444444444444445,1.7,2263
117,0.1,0.5444444444444445,1.8,953
118,0.1,0.5444444444444445,1.9,603
119,0.1,0.5444444444444445,2.0,903
120,0.1,0.6333333333333333,0.1,187
121,0.1,0.6333333333333333,0.2,458
122,0.1,0.6333333333333333,0.3,777
123,0.1,0.6333333333333333,0.4,675
124,0.1,0.6333333333333333,0.5,756
125,0.1,0.6333333333333333,0.6,1002
126,0.1,0.6333333333333333,0.7,833
127,0.1,0.6333333333333333,0.7999999999999999,1397
128,0.1,0.6333333333333333,0.8999999999999999,770
129,0.1,0.6333333333333333,0.9999999999999999,1679
130,0.1,0.6333333333333333,1.0999999999999999,882
131,0.1,0.6333333333333333,1.2,1576
132,0.1,0.6333333333333333,1.3,2073
133,0.1,0.6333333333333333,1.4,1677
134,0.1,0.6333333333333333,1.5,1172
135,0.1,0.6333333333333333,1.5999999999999999,1369
136,0.1,0.6333333333333333,1.7,1764
137,0.1,0.6333333333333333,1.8,1789
138,0.1,0.6333333333333333,1.9,1493
139,0.1,0.6333333333333333,2.0,2339
140,0.1,0.7222222222222222,0.1,198
141,0.1,0.7222222222222222,0.2,678
142,0.1,0.7222222222222222,0.3,619
143,0.1,0.7222222222222222,0.4,1337
144,0.1,0.7222222222222222,0.5,742
145,0.1,0.7222222222222222,0.6,995
146,0.1,0.7222222222222222,0.7,594
147,0.1,0.7222222222222222,0.7999999999999999,1508
148,0.1,0.7222222222222222,0.8999999999999999,1482
149,0.1,0.7222222222222222,0.9999999999999999,1125
150,0.1,0.7222222222222222,1.0999999999999999,1144
151,0.1,0.7222222222222222,1.2,1934
152,0.1,0.7222222222222222,1.3,1448
153,0.1,0.7222222222222222,1.4,865
154,0.1,0.7222222222222222,1.5,470
155,0.1,0.7222222222222222,1.5999999999999999,967
156,0.1,0.7222222222222222,1.7,1201
157,0.1,0.7222222222222222,1.8,2571
158,0.1,0.7222222222222222,1.9,1736
159,0.1,0.7222222222222222,2.0,951
160,0.1,0.8111111111111111,0.1,544
161,0.1,0.8111111111111111,0.2,1061
162,0.1,0.8111111111111111,0.3,684
163,0.1,0.8111111111111111,0.4,1345
164,0.1,0.8111111111111111,0.5,463
165,0.1,0.8111111111111111,0.6,907
166,0.1,0.8111111111111111,0.7,536
167,0.1,0.8111111111111111,0.7999999999999999,1120
168,0.1,0.8111111111111111,0.8999999999999999,506
169,0.1,0.8111111111111111,0.9999999999999999,1080
170,0.1,0.8111111111111111,1.0999999999999999,657
171,0.1,0.8111111111111111,1.2,2305
172,0.1,0.8111111111111111,1.3,1442
173,0.1,0.8111111111111111,1.4,1908
174,0.1,0.8111111111111111,1.5,1677
175,0.1,0.8111111111111111,1.5999999999999999,1183
176,0.1,0.8111111111111111,1.7,1322
177,0.1,0.8111111111111111,1.8,1816
178,0.1,0.8111111111111111,1.9,1334
179,0.1,0.8111111111111111,2.0,1921
180,0.1,0.9,0.1,958
181,0.1,0.9,0.2,1021
182,0.1,0.9,0.3,1218
183,0.1,0.9,0.4,1318
184,0.1,0.9,0.5,391
185,0.1,0.9,0.6,563
186,0.1,0.9,0.7,984
187,0.1,0.9,0.7999999999999999,1214
188,0.1,0.9,0.8999999999999999,1294
189,0.1,0.9,0.9999999999999999,2133
190,0.1,0.9,1.0999999999999999,630
191,0.1,0.9,1.2,783
192,0.1,0.9,1.3,1415
193,0.1,0.9,1.4,1357
194,0.1,0.9,1.5,699
195,0.1,0.9,1.5999999999999999,1171
196,0.1,0.9,1.7,1582
197,0.1,0.9,1.8,1119
198,0.1,0.9,1.9,1205
199,0.1,0.9,2.0,1200
200,0.18888888888888888,0.1,0.1,213
201,0.18888888888888888,0.1,0.2,369
202,0.18888888888888888,0.1,0.3,515
203,0.18888888888888888,0.1,0.4,514
204,0.18888888888888888,0.1,0.5,634
205,0.18888888888888888,0.1,0.6,623
206,0.18888888888888888,0.1,0.7,748
207,0.18888888888888888,0.1,0.7999999999999999,1629
208,0.18888888888888888,0.1,0.8999999999999999,1774
209,0.18888888888888888,0.1,0.9999999999999999,1744
210,0.18888888888888888,0.1,1.0999999999999999,1290
211,0.18888888888888888,0.1,1.2,1093
212,0.18888888888888888,0.1,1.3,1540
213,0.18888888888888888,0.1,1.4,1125
214,0.18888888888888888,0.1,1.5,2282
215,0.18888888888888888,0.1,1.5999999999999999,1470
216,0.18888888888888888,0.1,1.7,1347
217,0.18888888888888888,0.1,1.8,1697
218,0.18888888888888888,0.1,1.9,1569
219,0.18888888888888888,0.1,2.0,1494
220,0.18888888888888888,0.18888888888888888,0.1,49
221,0.18888888888888888,0.18888888888888888,0.2,986
222,0.18888888888888888,0.18888888888888888,0.3,891
223,0.18888888888888888,0.18888888888888888,0.4,380
224,0.18888888888888888,0.18888888888888888,0.5,528
225,0.18888888888888888,0.18888888888888888,0.6,773
226,0.18888888888888888,0.18888888888888888,0.7,1015
227,0.18888888888888888,0.18888888888888888,0.7999999999999999,752
228,0.18888888888888888,0.18888888888888888,0.8999999999999999,494
229,0.18888888888888888,0.18888888888888888,0.9999999999999999,1488
230,0.18888888888888888,0.18888888888888888,1.0999999999999999,459
231,0.18888888888888888,0.18888888888888888,1.2,850
232,0.18888888888888888,0.18888888888888888,1.3,345
233,0.18888888888888888,0.18888888888888888,1.4,1551
234,0.18888888888888888,0.18888888888888888,1.5,877
235,0.18888888888888888,0.18888888888888888,1.5999999999999999,1439
236,0.18888888888888888,0.18888888888888888,1.7,1270
237,0.18888888888888888,0.18888888888888888,1.8,1941
238,0.18888888888888888,0.18888888888888888,1.9,1199
239,0.18888888888888888,0.18888888888888888,2.0,1447
240,0.18888888888888888,0.2777777777777778,0.1,219
241,0.18888888888888888,0.2777777777777778,0.2,135
242,0.18888888888888888,0.2777777777777778,0.3,271
243,0.18888888888888888,0.2777777777777778,0.4,224
244,0.18888888888888888,0.2777777777777778,0.5,437
245,0.18888888888888888,0.2777777777777778,0.6,380
246,0.18888888888888888,0.2777777777777778,0.7,1025
247,0.18888888888888888,0.2777777777777778,0.7999999999999999,1172
248,0.18888888888888888,0.2777777777777778,0.8999999999999999,910
249,0.18888888888888888,0.2777777777777778,0.9999999999999999,711
250,0.18888888888888888,0.2777777777777778,1.0999999999999999,231
251,0.18888888888888888,0.2777777777777778,1.2,741
252,0.18888888888888888,0.2777777777777778,1.3,777
253,0.18888888888888888,0.2777777777777778,1.4,331
254,0.18888888888888888,0.2777777777777778,1.5,988
255,0.18888888888888888,0.2777777777777778,1.5999999999999999,939
256,0.18888888888888888,0.2777777777777778,1.7,1153
257,0.18888888888888888,0.2777777777777778,1.8,1166
258,0.18888888888888888,0.2777777777777778,1.9,1163
259,0.18888888888888888,0.2777777777777778,2.0,1159
260,0.18888888888888888,0.3666666666666667,0.1,1250
261,0.18888888888888888,0.3666666666666667,0.2,139
262,0.18888888888888888,0.3666666666666667,0.3,1056
263,0.18888888888888888,0.3666666666666667,0.4,146
264,0.18888888888888888,0.3666666666666667,0.5,1437
265,0.18888888888888888,0.3666666666666667,0.6,577
266,0.18888888888888888,0.3666666666666667,0.7,512
267,0.18888888888888888,0.3666666666666667,0.7999999999999999,862
268,0.18888888888888888,0.3666666666666667,0.8999999999999999,836
269,0.18888888888888888,0.3666666666666667,0.9999999999999999,1117
270,0.18888888888888888,0.3666666666666667,1.0999999999999999,976
271,0.18888888888888888,0.3666666666666667,1.2,639
272,0.18888888888888888,0.3666666666666667,1.3,987
273,0.18888888888888888,0.3666666666666667,1.4,401
274,0.18888888888888888,0.3666666666666667,1.5,1707
275,0.18888888888888888,0.3666666666666667,1.5999999999999999,311
276,0.18888888888888888,0.3666666666666667,1.7,1243
277,0.18888888888888888,0.3666666666666667,1.8,861
278,0.18888888888888888,0.3666666666666667,1.9,1329
279,0.18888888888888888,0.3666666666666667,2.0,1096
280,0.18888888888888888,0.4555555555555556,0.1,59
281,0.18888888888888888,0.4555555555555556,0.2,177
282,0.18888888888888888,0.4555555555555556,0.3,511
283,0.18888888888888888,0.4555555555555556,0.4,1008
284,0.18888888888888888,0.4555555555555556,0.5,690
285,0.18888888888888888,0.4555555555555556,0.6,646
286,0.18888888888888888,0.4555555555555556,0.7,615
287,0.18888888888888888,0.4555555555555556,0.7999999999999999,698
288,0.18888888888888888,0.4555555555555556,0.8999999999999999,354
289,0.18888888888888888,0.4555555555555556,0.9999999999999999,565
290,0.18888888888888888,0.4555555555555556,1.0999999999999999,1091
291,0.18888888888888888,0.4555555555555556,1.2,292
292,0.18888888888888888,0.4555555555555556,1.3,1466
293,0.18888888888888888,0.4555555555555556,1.4,589
294,0.18888888888888888,0.4555555555555556,1.5,1076
295,0.18888888888888888,0.4555555555555556,1.5999999999999999,1826
296,0.18888888888888888,0.4555555555555556,1.7,1337
297,0.18888888888888888,0.4555555555555556,1.8,1226
298,0.18888888888888888,0.4555555555555556,1.9,573
299,0.18888888888888888,0.4555555555555556,2.0,352
300,0.18888888888888888,0.5444444444444445,0.1,59
301,0.18888888888888888,0.5444444444444445,0.2,295
302,0.18888888888888888,0.5444444444444445,0.3,523
303,0.18888888888888888,0.5444444444444445,0.4,233
304,0.18888888888888888,0.5444444444444445,0.5,946
305,0.18888888888888888,0.5444444444444445,0.6,828
306,0.18888888888888888,0.5444444444444445,0.7,254
307,0.18888888888888888,0.5444444444444445,0.7999999999999999,245
308,0.18888888888888888,0.5444444444444445,0.8999999999999999,148
309,0.18888888888888888,0.5444444444444445,0.9999999999999999,908
310,0.18888888888888888,0.5444444444444445,1.0999999999999999,574
311,0.18888888888888888,0.5444444444444445,1.2,938
312,0.18888888888888888,0.5444444444444445,1.3,1220
313,0.18888888888888888,0.5444444444444445,1.4,437
314,0.18888888888888888,0.5444444444444445,1.5,1026
315,0.18888888888888888,0.5444444444444445,1.5999999999999999,175
316,0.18888888888888888,0.5444444444444445,1.7,564
317,0.18888888888888888,0.5444444444444445,1.8,564
318,0.18888888888888888,0.5444444444444445,1.9,730
319,0.18888888888888888,0.5444444444444445,2.0,564
320,0.18888888888888888,0.6333333333333333,0.1,801
321,0.18888888888888888,0.6333333333333333,0.2,96
322,0.18888888888888888,0.6333333333333333,0.3,126
323,0.18888888888888888,0.6333333333333333,0.4,162
324,0.18888888888888888,0.6333333333333333,0.5,981
325,0.18888888888888888,0.6333333333333333,0.6,439
326,0.18888888888888888,0.6333333333333333,0.7,386
327,0.18888888888888888,0.6333333333333333,0.7999999999999999,414
328,0.18888888888888888,0.6333333333333333,0.8999999999999999,217
329,0.18888888888888888,0.6333333333333333,0.9999999999999999,678
330,0.18888888888888888,0.6333333333333333,1.0999999999999999,831
331,0.18888888888888888,0.6333333333333333,1.2,807
332,0.18888888888888888,0.6333333333333333,1.3,578
333,0.18888888888888888,0.6333333333333333,1.4,475
334,0.18888888888888888,0.6333333333333333,1.5,465
335,0.18888888888888888,0.6333333333333333,1.5999999999999999,176
336,0.18888888888888888,0.6333333333333333,1.7,437
337,0.18888888888888888,0.6333333333333333,1.8,699
338,0.18888888888888888,0.6333333333333333,1.9,751
339,0.18888888888888888,0.6333333333333333,2.0,563
340,0.18888888888888888,0.7222222222222222,0.1,116
341,0.18888888888888888,0.7222222222222222,0.2,161
342,0.18888888888888888,0.7222222222222222,0.3,159
343,0.18888888888888888,0.7222222222222222,0.4,186
344,0.18888888888888888,0.7222222222222222,0.5,196
345,0.18888888888888888,0.7222222222222222,0.6,290
346,0.18888888888888888,0.7222222222222222,0.7,158
347,0.18888888888888888,0.7222222222222222,0.7999999999999999,826
348,0.18888888888888888,0.7222222222222222,0.8999999999999999,874
349,0.18888888888888888,0.7222222222222222,0.9999999999999999,214
350,0.18888888888888888,0.7222222222222222,1.0999999999999999,169
351,0.18888888888888888,0.7222222222222222,1.2,640
352,0.18888888888888888,0.7222222222222222,1.3,474
353,0.18888888888888888,0.7222222222222222,1.4,679
354,0.18888888888888888,0.7222222222222222,1.5,1151
355,0.18888888888888888,0.7222222222222222,1.5999999999999999,339
356,0.18888888888888888,0.7222222222222222,1.7,657
357,0.18888888888888888,0.7222222222222222,1.8,923
358,0.18888888888888888,0.7222222222222222,1.9,1261
359,0.18888888888888888,0.7222222222222222,2.0,637
360,0.18888888888888888,0.8111111111111111,0.1,23
361,0.18888888888888888,0.8111111111111111,0.2,171
362,0.18888888888888888,0.8111111111111111,0.3,200
363,0.18888888888888888,0.8111111111111111,0.4,87
364,0.18888888888888888,0.8111111111111111,0.5,114
365,0.18888888888888888,0.8111111111111111,0.6,485
366,0.18888888888888888,0.8111111111111111,0.7,742
367,0.18888888888888888,0.8111111111111111,0.7999999999999999,655
368,0.18888888888888888,0.8111111111111111,0.8999999999999999,226
369,0.18888888888888888,0.8111111111111111,0.9999999999999999,289
370,0.18888888888888888,0.8111111111111111,1.0999999999999999,185
371,0.18888888888888888,0.8111111111111111,1.2,927
372,0.18888888888888888,0.8111111111111111,1.3,486
373,0.18888888888888888,0.8111111111111111,1.4,331
374,0.18888888888888888,0.8111111111111111,1.5,691
375,0.18888888888888888,0.8111111111111111,1.5999999999999999,319
376,0.18888888888888888,0.8111111111111111,1.7,1088
377,0.18888888888888888,0.8111111111111111,1.8,505
378,0.18888888888888888,0.8111111111111111,1.9,642
379,0.18888888888888888,0.8111111111111111,2.0,1037
380,0.18888888888888888,0.9,0.1,348
381,0.18888888888888888,0.9,0.2,177
382,0.18888888888888888,0.9,0.3,66
383,0.18888888888888888,0.9,0.4,208
384,0.18888888888888888,0.9,0.5,264
385,0.18888888888888888,0.9,0.6,245
386,0.18888888888888888,0.9,0.7,516
387,0.18888888888888888,0.9,0.7999999999999999,548
388,0.18888888888888888,0.9,0.8999999999999999,400
389,0.18888888888888888,0.9,0.9999999999999999,825
390,0.18888888888888888,0.9,1.0999999999999999,922
391,0.18888888888888888,0.9,1.2,504
392,0.18888888888888888,0.9,1.3,963
393,0.18888888888888888,0.9,1.4,567
394,0.18888888888888888,0.9,1.5,237
395,0.18888888888888888,0.9,1.5999999999999999,380
396,0.18888888888888888,0.9,1.7,421
397,0.18888888888888888,0.9,1.8,576
398,0.18888888888888888,0.9,1.9,630
399,0.18888888888888888,0.9,2.0,1496
400,0.2777777777777778,0.1,0.1,147
401,0.2777777777777778,0.1,0.2,211
402,0.2777777777777778,0.1,0.3,383
403,0.2777777777777778,0.1,0.4,492
404,0.2777777777777778,0.1,0.5,494
405,0.2777777777777778,0.1,0.6,582
406,0.2777777777777778,0.1,0.7,386
407,0.2777777777777778,0.1,0.7999999999999999,347
408,0.2777777777777778,0.1,0.8999999999999999,998
409,0.2777777777777778,0.1,0.9999999999999999,1090
410,0.2777777777777778,0.1,1.0999999999999999,1108
411,0.2777777777777778,0.1,1.2,581
412,0.2777777777777778,0.1,1.3,934
413,0.2777777777777778,0.1,1.4,689
414,0.2777777777777778,0.1,1.5,744
415,0.2777777777777778,0.1,1.5999999999999999,617
416,0.2777777777777778,0.1,1.7,811
417,0.2777777777777778,0.1,1.8,1098
418,0.2777777777777778,0.1,1.9,1978
419,0.2777777777777778,0.1,2.0,747
420,0.2777777777777778,0.18888888888888888,0.1,166
421,0.2777777777777778,0.18888888888888888,0.2,157
422,0.2777777777777778,0.18888888888888888,0.3,451
423,0.2777777777777778,0.18888888888888888,0.4,193
424,0.2777777777777778,0.18888888888888888,0.5,102
425,0.2777777777777778,0.18888888888888888,0.6,621
426,0.2777777777777778,0.18888888888888888,0.7,313
427,0.2777777777777778,0.18888888888888888,0.7999999999999999,691
428,0.2777777777777778,0.18888888888888888,0.8999999999999999,208
429,0.2777777777777778,0.18888888888888888,0.9999999999999999,507
430,0.2777777777777778,0.18888888888888888,1.0999999999999999,558
431,0.2777777777777778,0.18888888888888888,1.2,756
432,0.2777777777777778,0.18888888888888888,1.3,541
433,0.2777777777777778,0.18888888888888888,1.4,511
434,0.2777777777777778,0.18888888888888888,1.5,645
435,0.2777777777777778,0.18888888888888888,1.5999999999999999,754
436,0.2777777777777778,0.18888888888888888,1.7,382
437,0.2777777777777778,0.18888888888888888,1.8,418
438,0.2777777777777778,0.18888888888888888,1.9,295
439,0.2777777777777778,0.18888888888888888,2.0,744
440,0.2777777777777778,0.2777777777777778,0.1,133
441,0.2777777777777778,0.2777777777777778,0.2,256
442,0.2777777777777778,0.2777777777777778,0.3,268
443,0.2777777777777778,0.2777777777777778,0.4,394
444,0.2777777777777778,0.2777777777777778,0.5,171
445,0.2777777777777778,0.2777777777777778,0.6,207
446,0.2777777777777778,0.2777777777777778,0.7,232
447,0.2777777777777778,0.2777777777777778,0.7999999999999999,357
448,0.2777777777777778,0.2777777777777778,0.8999999999999999,621
449,0.2777777777777778,0.2777777777777778,0.9999999999999999,208
450,0.2777777777777778,0.2777777777777778,1.0999999999999999,221
451,0.2777777777777778,0.2777777777777778,1.2,634
452,0.2777777777777778,0.2777777777777778,1.3,165
453,0.2777777777777778,0.2777777777777778,1.4,811
454,0.2777777777777778,0.2777777777777778,1.5,463
455,0.2777777777777778,0.2777777777777778,1.5999999999999999,304
456,0.2777777777777778,0.2777777777777778,1.7,1001
457,0.2777777777777778,0.2777777777777778,1.8,626
458,0.2777777777777778,0.2777777777777778,1.9,626
459,0.2777777777777778,0.2777777777777778,2.0,981
460,0.2777777777777778,0.3666666666666667,0.1,185
461,0.2777777777777778,0.3666666666666667,0.2,140
462,0.2777777777777778,0.3666666666666667,0.3,41
463,0.2777777777777778,0.3666666666666667,0.4,714
464,0.2777777777777778,0.3666666666666667,0.5,242
465,0.2777777777777778,0.3666666666666667,0.6,658
466,0.2777777777777778,0.3666666666666667,0.7,275
467,0.2777777777777778,0.3666666666666667,0.7999999999999999,111
468,0.2777777777777778,0.3666666666666667,0.8999999999999999,606
469,0.2777777777777778,0.3666666666666667,0.9999999999999999,277
470,0.2777777777777778,0.3666666666666667,1.0999999999999999,339
471,0.2777777777777778,0.3666666666666667,1.2,209
472,0.2777777777777778,0.3666666666666667,1.3,217
473,0.2777777777777778,0.3666666666666667,1.4,337
474,0.2777777777777778,0.3666666666666667,1.5,222
475,0.2777777777777778,0.3666666666666667,1.5999999999999999,859
476,0.2777777777777778,0.3666666666666667,1.7,173
477,0.2777777777777778,0.3666666666666667,1.8,160
478,0.2777777777777778,0.3666666666666667,1.9,815
479,0.2777777777777778,0.3666666666666667,2.0,1023
480,0.2777777777777778,0.4555555555555556,0.1,129
481,0.2777777777777778,0.4555555555555556,0.2,70
482,0.2777777777777778,0.4555555555555556,0.3,81
483,0.2777777777777778,0.4555555555555556,0.4,92
484,0.2777777777777778,0.4555555555555556,0.5,714
485,0.2777777777777778,0.4555555555555556,0.6,293
486,0.2777777777777778,0.4555555555555556,0.7,232
487,0.2777777777777778,0.4555555555555556,0.7999999999999999,103
488,0.2777777777777778,0.4555555555555556,0.8999999999999999,454
489,0.2777777777777778,0.4555555555555556,0.9999999999999999,474
490,0.2777777777777778,0.4555555555555556,1.0999999999999999,594
491,0.2777777777777778,0.4555555555555556,1.2,285
492,0.2777777777777778,0.4555555555555556,1.3,119
493,0.2777777777777778,0.4555555555555556,1.4,79
494,0.2777777777777778,0.4555555555555556,1.5,240
495,0.2777777777777778,0.4555555555555556,1.5999999999999999,863
496,0.2777777777777778,0.4555555555555556,1.7,168
497,0.2777777777777778,0.4555555555555556,1.8,217
498,0.2777777777777778,0.4555555555555556,1.9,421
499,0.2777777777777778,0.4555555555555556,2.0,497
500,0.2777777777777778,0.5444444444444445,0.1,81
501,0.2777777777777778,0.5444444444444445,0.2,269
502,0.2777777777777778,0.5444444444444445,0.3,276
503,0.2777777777777778,0.5444444444444445,0.4,227
504,0.2777777777777778,0.5444444444444445,0.5,97
505,0.2777777777777778,0.5444444444444445,0.6,261
506,0.2777777777777778,0.5444444444444445,0.7,173
507,0.2777777777777778,0.5444444444444445,0.7999999999999999,211
508,0.2777777777777778,0.5444444444444445,0.8999999999999999,319
509,0.2777777777777778,0.5444444444444445,0.9999999999999999,276
510,0.2777777777777778,0.5444444444444445,1.0999999999999999,494
511,0.2777777777777778,0.5444444444444445,1.2,895
512,0.2777777777777778,0.5444444444444445,1.3,102
513,0.2777777777777778,0.5444444444444445,1.4,106
514,0.2777777777777778,0.5444444444444445,1.5,560
515,0.2777777777777778,0.5444444444444445,1.5999999999999999,217
516,0.2777777777777778,0.5444444444444445,1.7,845
517,0.2777777777777778,0.5444444444444445,1.8,281
518,0.2777777777777778,0.5444444444444445,1.9,844
519,0.2777777777777778,0.5444444444444445,2.0,107
520,0.2777777777777778,0.6333333333333333,0.1,72
521,0.2777777777777778,0.6333333333333333,0.2,236
522,0.2777777777777778,0.6333333333333333,0.3,57
523,0.2777777777777778,0.6333333333333333,0.4,12
524,0.2777777777777778,0.6333333333333333,0.5,340
525,0.2777777777777778,0.6333333333333333,0.6,177
526,0.2777777777777778,0.6333333333333333,0.7,16
527,0.2777777777777778,0.6333333333333333,0.7999999999999999,263
528,0.2777777777777778,0.6333333333333333,0.8999999999999999,217
529,0.2777777777777778,0.6333333333333333,0.9999999999999999,89
530,0.2777777777777778,0.6333333333333333,1.0999999999999999,127
531,0.2777777777777778,0.6333333333333333,1.2,717
532,0.2777777777777778,0.6333333333333333,1.3,444
533,0.2777777777777778,0.6333333333333333,1.4,355
534,0.2777777777777778,0.6333333333333333,1.5,148
535,0.2777777777777778,0.6333333333333333,1.5999999999999999,106
536,0.2777777777777778,0.6333333333333333,1.7,708
537,0.2777777777777778,0.6333333333333333,1.8,115
538,0.2777777777777778,0.6333333333333333,1.9,820
539,0.2777777777777778,0.6333333333333333,2.0,110
540,0.2777777777777778,0.7222222222222222,0.1,25
541,0.2777777777777778,0.7222222222222222,0.2,183
542,0.2777777777777778,0.7222222222222222,0.3,49
543,0.2777777777777778,0.7222222222222222,0.4,60
544,0.2777777777777778,0.7222222222222222,0.5,165
545,0.2777777777777778,0.7222222222222222,0.6,381
546,0.2777777777777778,0.7222222222222222,0.7,73
547,0.2777777777777778,0.7222222222222222,0.7999999999999999,26
548,0.2777777777777778,0.7222222222222222,0.8999999999999999,15
549,0.2777777777777778,0.7222222222222222,0.9999999999999999,251
550,0.2777777777777778,0.7222222222222222,1.0999999999999999,127
551,0.2777777777777778,0.7222222222222222,1.2,130
552,0.2777777777777778,0.7222222222222222,1.3,952
553,0.2777777777777778,0.7222222222222222,1.4,717
554,0.2777777777777778,0.7222222222222222,1.5,197
555,0.2777777777777778,0.7222222222222222,1.5999999999999999,412
556,0.2777777777777778,0.7222222222222222,1.7,118
557,0.2777777777777778,0.7222222222222222,1.8,563
558,0.2777777777777778,0.7222222222222222,1.9,341
559,0.2777777777777778,0.7222222222222222,2.0,929
560,0.2777777777777778,0.8111111111111111,0.1,1
561,0.2777777777777778,0.8111111111111111,0.2,160
562,0.2777777777777778,0.8111111111111111,0.3,236
563,0.2777777777777778,0.8111111111111111,0.4,75
564,0.2777777777777778,0.8111111111111111,0.5,283
565,0.2777777777777778,0.8111111111111111,0.6,150
566,0.2777777777777778,0.8111111111111111,0.7,242
567,0.2777777777777778,0.8111111111111111,0.7999999999999999,161
568,0.2777777777777778,0.8111111111111111,0.8999999999999999,47
569,0.2777777777777778,0.8111111111111111,0.9999999999999999,710
570,0.2777777777777778,0.8111111111111111,1.0999999999999999,86
571,0.2777777777777778,0.8111111111111111,1.2,115
572,0.2777777777777778,0.8111111111111111,1.3,202
573,0.2777777777777778,0.8111111111111111,1.4,155
574,0.2777777777777778,0.8111111111111111,1.5,532
575,0.2777777777777778,0.8111111111111111,1.5999999999999999,681
576,0.2777777777777778,0.8111111111111111,1.7,405
577,0.2777777777777778,0.8111111111111111,1.8,315
578,0.2777777777777778,0.8111111111111111,1.9,1117
579,0.2777777777777778,0.8111111111111111,2.0,512
580,0.2777777777777778,0.9,0.1,140
581,0.2777777777777778,0.9,0.2,203
582,0.2777777777777778,0.9,0.3,47
583,0.2777777777777778,0.9,0.4,211
584,0.2777777777777778,0.9,0.5,192
585,0.2777777777777778,0.9,0.6,42
586,0.2777777777777778,0.9,0.7,249
587,0.2777777777777778,0.9,0.7999999999999999,101
588,0.2777777777777778,0.9,0.8999999999999999,33
589,0.2777777777777778,0.9,0.9999999999999999,145
590,0.2777777777777778,0.9,1.0999999999999999,117
591,0.2777777777777778,0.9,1.2,297
592,0.2777777777777778,0.9,1.3,112
593,0.2777777777777778,0.9,1.4,236
594,0.2777777777777778,0.9,1.5,249
595,0.2777777777777778,0.9,1.5999999999999999,609
596,0.2777777777777778,0.9,1.7,647
597,0.2777777777777778,0.9,1.8,202
598,0.2777777777777778,0.9,1.9,707
599,0.2777777777777778,0.9,2.0,335
600,0.3666666666666667,0.1,0.1,149
601,0.3666666666666667,0.1,0.2,240
602,0.3666666666666667,0.1,0.3,268
603,0.3666666666666667,0.1,0.4,46
604,0.3666666666666667,0.1,0.5,274
605,0.3666666666666667,0.1,0.6,228
606,0.3666666666666667,0.1,0.7,595
607,0.3666666666666667,0.1,0.7999999999999999,178
608,0.3666666666666667,0.1,0.8999999999999999,111
609,0.3666666666666667,0.1,0.9999999999999999,464
610,0.3666666666666667,0.1,1.0999999999999999,1157
611,0.3666666666666667,0.1,1.2,465
612,0.3666666666666667,0.1,1.3,501
613,0.3666666666666667,0.1,1.4,828
614,0.3666666666666667,0.1,1.5,993
615,0.3666666666666667,0.1,1.5999999999999999,1011
616,0.3666666666666667,0.1,1.7,787
617,0.3666666666666667,0.1,1.8,705
618,0.3666666666666667,0.1,1.9,1270
619,0.3666666666666667,0.1,2.0,825
620,0.3666666666666667,0.18888888888888888,0.1,31
621,0.3666666666666667,0.18888888888888888,0.2,20
622,0.3666666666666667,0.18888888888888888,0.3,101
623,0.3666666666666667,0.18888888888888888,0.4,366
624,0.3666666666666667,0.18888888888888888,0.5,393
625,0.3666666666666667,0.18888888888888888,0.6,932
626,0.3666666666666667,0.18888888888888888,0.7,246
627,0.3666666666666667,0.18888888888888888,0.7999999999999999,326
628,0.3666666666666667,0.18888888888888888,0.8999999999999999,986
629,0.3666666666666667,0.18888888888888888,0.9999999999999999,124
630,0.3666666666666667,0.18888888888888888,1.0999999999999999,129
631,0.3666666666666667,0.18888888888888888,1.2,592
632,0.3666666666666667,0.18888888888888888,1.3,666
633,0.3666666666666667,0.18888888888888888,1.4,914
634,0.3666666666666667,0.18888888888888888,1.5,679
635,0.3666666666666667,0.18888888888888888,1.5999999999999999,441
636,0.3666666666666667,0.18888888888888888,1.7,275
637,0.3666666666666667,0.18888888888888888,1.8,1132
638,0.3666666666666667,0.18888888888888888,1.9,403
639,0.3666666666666667,0.18888888888888888,2.0,888
640,0.3666666666666667,0.2777777777777778,0.1,3
641,0.3666666666666667,0.2777777777777778,0.2,9
642,0.3666666666666667,0.2777777777777778,0.3,201
643,0.3666666666666667,0.2777777777777778,0.4,75
644,0.3666666666666667,0.2777777777777778,0.5,5
645,0.3666666666666667,0.2777777777777778,0.6,495
646,0.3666666666666667,0.2777777777777778,0.7,487
647,0.3666666666666667,0.2777777777777778,0.7999999999999999,5
648,0.3666666666666667,0.2777777777777778,0.8999999999999999,662
649,0.3666666666666667,0.2777777777777778,0.9999999999999999,540
650,0.3666666666666667,0.2777777777777778,1.0999999999999999,420
651,0.3666666666666667,0.2777777777777778,1.2,185
652,0.3666666666666667,0.2777777777777778,1.3,258
653,0.3666666666666667,0.2777777777777778,1.4,761
654,0.3666666666666667,0.2777777777777778,1.5,445
655,0.3666666666666667,0.2777777777777778,1.5999999999999999,20
656,0.3666666666666667,0.2777777777777778,1.7,537
657,0.3666666666666667,0.2777777777777778,1.8,389
658,0.3666666666666667,0.2777777777777778,1.9,131
659,0.3666666666666667,0.2777777777777778,2.0,280
660,0.3666666666666667,0.3666666666666667,0.1,1
661,0.3666666666666667,0.3666666666666667,0.2,43
662,0.3666666666666667,0.3666666666666667,0.3,3
663,0.3666666666666667,0.3666666666666667,0.4,151
664,0.3666666666666667,0.3666666666666667,0.5,144
665,0.3666666666666667,0.3666666666666667,0.6,31
666,0.3666666666666667,0.3666666666666667,0.7,595
667,0.3666666666666667,0.3666666666666667,0.7999999999999999,749
668,0.3666666666666667,0.3666666666666667,0.8999999999999999,385
669,0.3666666666666667,0.3666666666666667,0.9999999999999999,393
670,0.3666666666666667,0.3666666666666667,1.0999999999999999,194
671,0.3666666666666667,0.3666666666666667,1.2,90
672,0.3666666666666667,0.3666666666666667,1.3,115
673,0.3666666666666667,0.3666666666666667,1.4,274
674,0.3666666666666667,0.3666666666666667,1.5,384
675,0.3666666666666667,0.3666666666666667,1.5999999999999999,518
676,0.3666666666666667,0.3666666666666667,1.7,524
677,0.3666666666666667,0.3666666666666667,1.8,341
678,0.3666666666666667,0.3666666666666667,1.9,62
679,0.3666666666666667,0.3666666666666667,2.0,64
680,0.3666666666666667,0.4555555555555556,0.1,7
681,0.3666666666666667,0.4555555555555556,0.2,77
682,0.3666666666666667,0.4555555555555556,0.3,131
683,0.3666666666666667,0.4555555555555556,0.4,38
684,0.3666666666666667,0.4555555555555556,0.5,7
685,0.3666666666666667,0.4555555555555556,0.6,90
686,0.3666666666666667,0.4555555555555556,0.7,63
687,0.3666666666666667,0.4555555555555556,0.7999999999999999,40
688,0.3666666666666667,0.4555555555555556,0.8999999999999999,3
689,0.3666666666666667,0.4555555555555556,0.9999999999999999,427
690,0.3666666666666667,0.4555555555555556,1.0999999999999999,288
691,0.3666666666666667,0.4555555555555556,1.2,94
692,0.3666666666666667,0.4555555555555556,1.3,114
693,0.3666666666666667,0.4555555555555556,1.4,921
694,0.3666666666666667,0.4555555555555556,1.5,533
695,0.3666666666666667,0.4555555555555556,1.5999999999999999,416
696,0.3666666666666667,0.4555555555555556,1.7,212
697,0.3666666666666667,0.4555555555555556,1.8,839
698,0.3666666666666667,0.4555555555555556,1.9,609
699,0.3666666666666667,0.4555555555555556,2.0,74
700,0.3666666666666667,0.5444444444444445,0.1,27
701,0.3666666666666667,0.5444444444444445,0.2,18
702,0.3666666666666667,0.5444444444444445,0.3,65
703,0.3666666666666667,0.5444444444444445,0.4,172
704,0.3666666666666667,0.5444444444444445,0.5,86
705,0.3666666666666667,0.5444444444444445,0.6,6
706,0.3666666666666667,0.5444444444444445,0.7,302
707,0.3666666666666667,0.5444444444444445,0.7999999999999999,313
708,0.3666666666666667,0.5444444444444445,0.8999999999999999,60
709,0.3666666666666667,0.5444444444444445,0.9999999999999999,141
710,0.3666666666666667,0.5444444444444445,1.0999999999999999,199
711,0.3666666666666667,0.5444444444444445,1.2,243
712,0.3666666666666667,0.5444444444444445,1.3,146
713,0.3666666666666667,0.5444444444444445,1.4,211
714,0.3666666666666667,0.5444444444444445,1.5,281
715,0.3666666666666667,0.5444444444444445,1.5999999999999999,391
716,0.3666666666666667,0.5444444444444445,1.7,143
717,0.3666666666666667,0.5444444444444445,1.8,132
718,0.3666666666666667,0.5444444444444445,1.9,416
719,0.3666666666666667,0.5444444444444445,2.0,425
720,0.3666666666666667,0.6333333333333333,0.1,175
721,0.3666666666666667,0.6333333333333333,0.2,57
722,0.3666666666666667,0.6333333333333333,0.3,77
723,0.3666666666666667,0.6333333333333333,0.4,18
724,0.3666666666666667,0.6333333333333333,0.5,15
725,0.3666666666666667,0.6333333333333333,0.6,27
726,0.3666666666666667,0.6333333333333333,0.7,215
727,0.3666666666666667,0.6333333333333333,0.7999999999999999,623
728,0.3666666666666667,0.6333333333333333,0.8999999999999999,59
729,0.3666666666666667,0.6333333333333333,0.9999999999999999,103
730,0.3666666666666667,0.6333333333333333,1.0999999999999999,263
731,0.3666666666666667,0.6333333333333333,1.2,180
732,0.3666666666666667,0.6333333333333333,1.3,348
733,0.3666666666666667,0.6333333333333333,1.4,372
734,0.3666666666666667,0.6333333333333333,1.5,69
735,0.3666666666666667,0.6333333333333333,1.5999999999999999,456
736,0.3666666666666667,0.6333333333333333,1.7,143
737,0.3666666666666667,0.6333333333333333,1.8,148
738,0.3666666666666667,0.6333333333333333,1.9,588
739,0.3666666666666667,0.6333333333333333,2.0,633
740,0.3666666666666667,0.7222222222222222,0.1,0
741,0.3666666666666667,0.7222222222222222,0.2,18
742,0.3666666666666667,0.7222222222222222,0.3,48
743,0.3666666666666667,0.7222222222222222,0.4,183
744,0.3666666666666667,0.7222222222222222,0.5,92
745,0.3666666666666667,0.7222222222222222,0.6,267
746,0.3666666666666667,0.7222222222222222,0.7,15
747,0.3666666666666667,0.7222222222222222,0.7999999999999999,16
748,0.3666666666666667,0.7222222222222222,0.8999999999999999,93
749,0.3666666666666667,0.7222222222222222,0.9999999999999999,78
750,0.3666666666666667,0.7222222222222222,1.0999999999999999,345
751,0.3666666666666667,0.7222222222222222,1.2,8
752,0.3666666666666667,0.7222222222222222,1.3,152
753,0.3666666666666667,0.7222222222222222,1.4,187
754,0.3666666666666667,0.7222222222222222,1.5,63
755,0.3666666666666667,0.7222222222222222,1.5999999999999999,31
756,0.3666666666666667,0.7222222222222222,1.7,108
757,0.3666666666666667,0.7222222222222222,1.8,235
758,0.3666666666666667,0.7222222222222222,1.9,275
759,0.3666666666666667,0.7222222222222222,2.0,183
760,0.3666666666666667,0.8111111111111111,0.1,0
761,0.3666666666666667,0.8111111111111111,0.2,6
762,0.3666666666666667,0.8111111111111111,0.3,52
763,0.3666666666666667,0.8111111111111111,0.4,346
764,0.3666666666666667,0.8111111111111111,0.5,28
765,0.3666666666666667,0.8111111111111111,0.6,108
766,0.3666666666666667,0.8111111111111111,0.7,249
767,0.3666666666666667,0.8111111111111111,0.7999999999999999,205
768,0.3666666666666667,0.8111111111111111,0.8999999999999999,46
769,0.3666666666666667,0.8111111111111111,0.9999999999999999,35
770,0.3666666666666667,0.8111111111111111,1.0999999999999999,309
771,0.3666666666666667,0.8111111111111111,1.2,66
772,0.3666666666666667,0.8111111111111111,1.3,239
773,0.3666666666666667,0.8111111111111111,1.4,35
774,0.3666666666666667,0.8111111111111111,1.5,152
775,0.3666666666666667,0.8111111111111111,1.5999999999999999,249
776,0.3666666666666667,0.8111111111111111,1.7,232
777,0.3666666666666667,0.8111111111111111,1.8,452
778,0.3666666666666667,0.8111111111111111,1.9,533
779,0.3666666666666667,0.8111111111111111,2.0,211
780,0.3666666666666667,0.9,0.1,94
781,0.3666666666666667,0.9,0.2,6
782,0.3666666666666667,0.9,0.3,60
783,0.3666666666666667,0.9,0.4,84
784,0.3666666666666667,0.9,0.5,28
785,0.3666666666666667,0.9,0.6,259
786,0.3666666666666667,0.9,0.7,179
787,0.3666666666666667,0.9,0.7999999999999999,290
788,0.3666666666666667,0.9,0.8999999999999999,49
789,0.3666666666666667,0.9,0.9999999999999999,71
790,0.3666666666666667,0.9,1.0999999999999999,346
791,0.3666666666666667,0.9,1.2,8
792,0.3666666666666667,0.9,1.3,177
793,0.3666666666666667,0.9,1.4,8
794,0.3666666666666667,0.9,1.5,166
795,0.3666666666666667,0.9,1.5999999999999999,228
796,0.3666666666666667,0.9,1.7,488
797,0.3666666666666667,0.9,1.8,309
798,0.3666666666666667,0.9,1.9,443
799,0.3666666666666667,0.9,2.0,92
800,0.4555555555555556,0.1,0.1,12
801,0.4555555555555556,0.1,0.2,4
802,0.4555555555555556,0.1,0.3,9
803,0.4555555555555556,0.1,0.4,225
804,0.4555555555555556,0.1,0.5,59
805,0.4555555555555556,0.1,0.6,512
806,0.4555555555555556,0.1,0.7,574
807,0.4555555555555556,0.1,0.7999999999999999,35
808,0.4555555555555556,0.1,0.8999999999999999,587
809,0.4555555555555556,0.1,0.9999999999999999,318
810,0.4555555555555556,0.1,1.0999999999999999,646
811,0.4555555555555556,0.1,1.2,650
812,0.4555555555555556,0.1,1.3,185
813,0.4555555555555556,0.1,1.4,377
814,0.4555555555555556,0.1,1.5,633
815,0.4555555555555556,0.1,1.5999999999999999,415
816,0.4555555555555556,0.1,1.7,552
817,0.4555555555555556,0.1,1.8,744
818,0.4555555555555556,0.1,1.9,213
819,0.4555555555555556,0.1,2.0,680
820,0.4555555555555556,0.18888888888888888,0.1,0
821,0.4555555555555556,0.18888888888888888,0.2,17
822,0.4555555555555556,0.18888888888888888,0.3,3
823,0.4555555555555556,0.18888888888888888,0.4,93
824,0.4555555555555556,0.18888888888888888,0.5,460
825,0.4555555555555556,0.18888888888888888,0.6,70
826,0.4555555555555556,0.18888888888888888,0.7,39
827,0.4555555555555556,0.18888888888888888,0.7999999999999999,378
828,0.4555555555555556,0.18888888888888888,0.8999999999999999,172
829,0.4555555555555556,0.18888888888888888,0.9999999999999999,39
830,0.4555555555555556,0.18888888888888888,1.0999999999999999,271
831,0.4555555555555556,0.18888888888888888,1.2,240
832,0.4555555555555556,0.18888888888888888,1.3,282
833,0.4555555555555556,0.18888888888888888,1.4,198
834,0.4555555555555556,0.18888888888888888,1.5,455
835,0.4555555555555556,0.18888888888888888,1.5999999999999999,307
836,0.4555555555555556,0.18888888888888888,1.7,157
837,0.4555555555555556,0.18888888888888888,1.8,595
838,0.4555555555555556,0.18888888888888888,1.9,212
839,0.4555555555555556,0.18888888888888888,2.0,284
840,0.4555555555555556,0.2777777777777778,0.1,1
841,0.4555555555555556,0.2777777777777778,0.2,96
842,0.4555555555555556,0.2777777777777778,0.3,71
843,0.4555555555555556,0.2777777777777778,0.4,8
844,0.4555555555555556,0.2777777777777778,0.5,68
845,0.4555555555555556,0.2777777777777778,0.6,151
846,0.4555555555555556,0.2777777777777778,0.7,288
847,0.4555555555555556,0.2777777777777778,0.7999999999999999,251
848,0.4555555555555556,0.2777777777777778,0.8999999999999999,167
849,0.4555555555555556,0.2777777777777778,0.9999999999999999,48
850,0.4555555555555556,0.2777777777777778,1.0999999999999999,3
851,0.4555555555555556,0.2777777777777778,1.2,56
852,0.4555555555555556,0.2777777777777778,1.3,77
853,0.4555555555555556,0.2777777777777778,1.4,172
854,0.4555555555555556,0.2777777777777778,1.5,180
855,0.4555555555555556,0.2777777777777778,1.5999999999999999,148
856,0.4555555555555556,0.2777777777777778,1.7,461
857,0.4555555555555556,0.2777777777777778,1.8,574
858,0.4555555555555556,0.2777777777777778,1.9,101
859,0.4555555555555556,0.2777777777777778,2.0,601
860,0.4555555555555556,0.3666666666666667,0.1,19
861,0.4555555555555556,0.3666666666666667,0.2,306
862,0.4555555555555556,0.3666666666666667,0.3,101
863,0.4555555555555556,0.3666666666666667,0.4,8
864,0.4555555555555556,0.3666666666666667,0.5,48
865,0.4555555555555556,0.3666666666666667,0.6,78
866,0.4555555555555556,0.3666666666666667,0.7,201
867,0.4555555555555556,0.3666666666666667,0.7999999999999999,114
868,0.4555555555555556,0.3666666666666667,0.8999999999999999,288
869,0.4555555555555556,0.3666666666666667,0.9999999999999999,75
870,0.4555555555555556,0.3666666666666667,1.0999999999999999,48
871,0.4555555555555556,0.3666666666666667,1.2,7
872,0.4555555555555556,0.3666666666666667,1.3,320
873,0.4555555555555556,0.3666666666666667,1.4,118
874,0.4555555555555556,0.3666666666666667,1.5,89
875,0.4555555555555556,0.3666666666666667,1.5999999999999999,143
876,0.4555555555555556,0.3666666666666667,1.7,312
877,0.4555555555555556,0.3666666666666667,1.8,124
878,0.4555555555555556,0.3666666666666667,1.9,3
879,0.4555555555555556,0.3666666666666667,2.0,383
880,0.4555555555555556,0.4555555555555556,0.1,14
881,0.4555555555555556,0.4555555555555556,0.2,3
882,0.4555555555555556,0.4555555555555556,0.3,0
883,0.4555555555555556,0.4555555555555556,0.4,0
884,0.4555555555555556,0.4555555555555556,0.5,14
885,0.4555555555555556,0.4555555555555556,0.6,21
886,0.4555555555555556,0.4555555555555556,0.7,105
887,0.4555555555555556,0.4555555555555556,0.7999999999999999,54
888,0.4555555555555556,0.4555555555555556,0.8999999999999999,114
889,0.4555555555555556,0.4555555555555556,0.9999999999999999,412
890,0.4555555555555556,0.4555555555555556,1.0999999999999999,289
891,0.4555555555555556,0.4555555555555556,1.2,64
892,0.4555555555555556,0.4555555555555556,1.3,288
893,0.4555555555555556,0.4555555555555556,1.4,47
894,0.4555555555555556,0.4555555555555556,1.5,102
895,0.4555555555555556,0.4555555555555556,1.5999999999999999,310
896,0.4555555555555556,0.4555555555555556,1.7,24
897,0.4555555555555556,0.4555555555555556,1.8,93
898,0.4555555555555556,0.4555555555555556,1.9,278
899,0.4555555555555556,0.4555555555555556,2.0,82
900,0.4555555555555556,0.5444444444444445,0.1,0
901,0.4555555555555556,0.5444444444444445,0.2,0
902,0.4555555555555556,0.5444444444444445,0.3,8
903,0.4555555555555556,0.5444444444444445,0.4,87
904,0.4555555555555556,0.5444444444444445,0.5,1
905,0.4555555555555556,0.5444444444444445,0.6,3
906,0.4555555555555556,0.5444444444444445,0.7,2
907,0.4555555555555556,0.5444444444444445,0.7999999999999999,78
908,0.4555555555555556,0.5444444444444445,0.8999999999999999,14
909,0.4555555555555556,0.5444444444444445,0.9999999999999999,54
910,0.4555555555555556,0.5444444444444445,1.0999999999999999,102
911,0.4555555555555556,0.5444444444444445,1.2,86
912,0.4555555555555556,0.5444444444444445,1.3,59
913,0.4555555555555556,0.5444444444444445,1.4,75
914,0.4555555555555556,0.5444444444444445,1.5,107
915,0.4555555555555556,0.5444444444444445,1.5999999999999999,315
916,0.4555555555555556,0.5444444444444445,1.7,108
917,0.4555555555555556,0.5444444444444445,1.8,86
918,0.4555555555555556,0.5444444444444445,1.9,26
919,0.4555555555555556,0.5444444444444445,2.0,313
920,0.4555555555555556,0.6333333333333333,0.1,1
921,0.4555555555555556,0.6333333333333333,0.2,1
922,0.4555555555555556,0.6333333333333333,0.3,9
923,0.4555555555555556,0.6333333333333333,0.4,135
924,0.4555555555555556,0.6333333333333333,0.5,44
925,0.4555555555555556,0.6333333333333333,0.6,11
926,0.4555555555555556,0.6333333333333333,0.7,97
927,0.4555555555555556,0.6333333333333333,0.7999999999999999,29
928,0.4555555555555556,0.6333333333333333,0.8999999999999999,5
929,0.4555555555555556,0.6333333333333333,0.9999999999999999,94
930,0.4555555555555556,0.6333333333333333,1.0999999999999999,208
931,0.4555555555555556,0.6333333333333333,1.2,54
932,0.4555555555555556,0.6333333333333333,1.3,413
933,0.4555555555555556,0.6333333333333333,1.4,193
934,0.4555555555555556,0.6333333333333333,1.5,77
935,0.4555555555555556,0.6333333333333333,1.5999999999999999,290
936,0.4555555555555556,0.6333333333333333,1.7,91
937,0.4555555555555556,0.6333333333333333,1.8,28
938,0.4555555555555556,0.6333333333333333,1.9,6
939,0.4555555555555556,0.6333333333333333,2.0,75
940,0.4555555555555556,0.7222222222222222,0.1,1
941,0.4555555555555556,0.7222222222222222,0.2,33
942,0.4555555555555556,0.7222222222222222,0.3,0
943,0.4555555555555556,0.7222222222222222,0.4,0
944,0.4555555555555556,0.7222222222222222,0.5,0
945,0.4555555555555556,0.7222222222222222,0.6,4
946,0.4555555555555556,0.7222222222222222,0.7,37
947,0.4555555555555556,0.7222222222222222,0.7999999999999999,1
948,0.4555555555555556,0.7222222222222222,0.8999999999999999,3
949,0.4555555555555556,0.7222222222222222,0.9999999999999999,3
950,0.4555555555555556,0.7222222222222222,1.0999999999999999,46
951,0.4555555555555556,0.7222222222222222,1.2,353
952,0.4555555555555556,0.7222222222222222,1.3,3
953,0.4555555555555556,0.7222222222222222,1.4,54
954,0.4555555555555556,0.7222222222222222,1.5,5
955,0.4555555555555556,0.7222222222222222,1.5999999999999999,34
956,0.4555555555555556,0.7222222222222222,1.7,141
957,0.4555555555555556,0.7222222222222222,1.8,8
958,0.4555555555555556,0.7222222222222222,1.9,64
959,0.4555555555555556,0.7222222222222222,2.0,8
960,0.4555555555555556,0.8111111111111111,0.1,2
961,0.4555555555555556,0.8111111111111111,0.2,0
962,0.4555555555555556,0.8111111111111111,0.3,0
963,0.4555555555555556,0.8111111111111111,0.4,0
964,0.4555555555555556,0.8111111111111111,0.5,6
965,0.4555555555555556,0.8111111111111111,0.6,2
966,0.4555555555555556,0.8111111111111111,0.7,21
967,0.4555555555555556,0.8111111111111111,0.7999999999999999,2
968,0.4555555555555556,0.8111111111111111,0.8999999999999999,1
969,0.4555555555555556,0.8111111111111111,0.9999999999999999,17
970,0.4555555555555556,0.8111111111111111,1.0999999999999999,94
971,0.4555555555555556,0.8111111111111111,1.2,5
972,0.4555555555555556,0.8111111111111111,1.3,46
973,0.4555555555555556,0.8111111111111111,1.4,54
974,0.4555555555555556,0.8111111111111111,1.5,57
975,0.4555555555555556,0.8111111111111111,1.5999999999999999,108
976,0.4555555555555556,0.8111111111111111,1.7,33
977,0.4555555555555556,0.8111111111111111,1.8,6
978,0.4555555555555556,0.8111111111111111,1.9,77
979,0.4555555555555556,0.8111111111111111,2.0,412
980,0.4555555555555556,0.9,0.1,0
981,0.4555555555555556,0.9,0.2,0
982,0.4555555555555556,0.9,0.3,3
983,0.4555555555555556,0.9,0.4,2
984,0.4555555555555556,0.9,0.5,2
985,0.4555555555555556,0.9,0.6,88
986,0.4555555555555556,0.9,0.7,3
987,0.4555555555555556,0.9,0.7999999999999999,9
988,0.4555555555555556,0.9,0.8999999999999999,17
989,0.4555555555555556,0.9,0.9999999999999999,1
990,0.4555555555555556,0.9,1.0999999999999999,3
991,0.4555555555555556,0.9,1.2,25
992,0.4555555555555556,0.9,1.3,96
993,0.4555555555555556,0.9,1.4,362
994,0.4555555555555556,0.9,1.5,29
995,0.4555555555555556,0.9,1.5999999999999999,116
996,0.4555555555555556,0.9,1.7,50
997,0.4555555555555556,0.9,1.8,86
998,0.4555555555555556,0.9,1.9,33
999,0.4555555555555556,0.9,2.0,101
1000,0.5444444444444445,0.1,0.1,2
1001,0.5444444444444445,0.1,0.2,24
1002,0.5444444444444445,0.1,0.3,1
1003,0.5444444444444445,0.1,0.4,38
1004,0.5444444444444445,0.1,0.5,4
1005,0.5444444444444445,0.1,0.6,28
1006,0.5444444444444445,0.1,0.7,48
1007,0.5444444444444445,0.1,0.7999999999999999,55
1008,0.5444444444444445,0.1,0.8999999999999999,97
1009,0.5444444444444445,0.1,0.9999999999999999,191
1010,0.5444444444444445,0.1,1.0999999999999999,244
1011,0.5444444444444445,0.1,1.2,255
1012,0.5444444444444445,0.1,1.3,67
1013,0.5444444444444445,0.1,1.4,99
1014,0.5444444444444445,0.1,1.5,908
1015,0.5444444444444445,0.1,1.5999999999999999,453
1016,0.5444444444444445,0.1,1.7,421
1017,0.5444444444444445,0.1,1.8,327
1018,0.5444444444444445,0.1,1.9,1145
1019,0.5444444444444445,0.1,2.0,208
1020,0.5444444444444445,0.18888888888888888,0.1,0
1021,0.5444444444444445,0.18888888888888888,0.2,65
1022,0.5444444444444445,0.18888888888888888,0.3,23
1023,0.5444444444444445,0.18888888888888888,0.4,22
1024,0.5444444444444445,0.18888888888888888,0.5,15
1025,0.5444444444444445,0.18888888888888888,0.6,348
1026,0.5444444444444445,0.18888888888888888,0.7,644
1027,0.5444444444444445,0.18888888888888888,0.7999999999999999,20
1028,0.5444444444444445,0.18888888888888888,0.8999999999999999,6
1029,0.5444444444444445,0.18888888888888888,0.9999999999999999,17
1030,0.5444444444444445,0.18888888888888888,1.0999999999999999,10
1031,0.5444444444444445,0.18888888888888888,1.2,535
1032,0.5444444444444445,0.18888888888888888,1.3,102
1033,0.5444444444444445,0.18888888888888888,1.4,8
1034,0.5444444444444445,0.18888888888888888,1.5,197
1035,0.5444444444444445,0.18888888888888888,1.5999999999999999,10
1036,0.5444444444444445,0.18888888888888888,1.7,10
1037,0.5444444444444445,0.18888888888888888,1.8,76
1038,0.5444444444444445,0.18888888888888888,1.9,267
1039,0.5444444444444445,0.18888888888888888,2.0,20
1040,0.5444444444444445,0.2777777777777778,0.1,1
1041,0.5444444444444445,0.2777777777777778,0.2,1
1042,0.5444444444444445,0.2777777777777778,0.3,45
1043,0.5444444444444445,0.2777777777777778,0.4,32
1044,0.5444444444444445,0.2777777777777778,0.5,33
1045,0.5444444444444445,0.2777777777777778,0.6,0
1046,0.5444444444444445,0.2777777777777778,0.7,24
1047,0.5444444444444445,0.2777777777777778,0.7999999999999999,16
1048,0.5444444444444445,0.2777777777777778,0.8999999999999999,15
1049,0.5444444444444445,0.2777777777777778,0.9999999999999999,18
1050,0.5444444444444445,0.2777777777777778,1.0999999999999999,13
1051,0.5444444444444445,0.2777777777777778,1.2,49
1052,0.5444444444444445,0.2777777777777778,1.3,513
1053,0.5444444444444445,0.2777777777777778,1.4,4
1054,0.5444444444444445,0.2777777777777778,1.5,71
1055,0.5444444444444445,0.2777777777777778,1.5999999999999999,60
1056,0.5444444444444445,0.2777777777777778,1.7,69
1057,0.5444444444444445,0.2777777777777778,1.8,38
1058,0.5444444444444445,0.2777777777777778,1.9,176
1059,0.5444444444444445,0.2777777777777778,2.0,6
1060,0.5444444444444445,0.3666666666666667,0.1,0
1061,0.5444444444444445,0.3666666666666667,0.2,16
1062,0.5444444444444445,0.3666666666666667,0.3,0
1063,0.5444444444444445,0.3666666666666667,0.4,21
1064,0.5444444444444445,0.3666666666666667,0.5,3
1065,0.5444444444444445,0.3666666666666667,0.6,69
1066,0.5444444444444445,0.3666666666666667,0.7,69
1067,0.5444444444444445,0.3666666666666667,0.7999999999999999,3
1068,0.5444444444444445,0.3666666666666667,0.8999999999999999,2
1069,0.5444444444444445,0.3666666666666667,0.9999999999999999,148
1070,0.5444444444444445,0.3666666666666667,1.0999999999999999,0
1071,0.5444444444444445,0.3666666666666667,1.2,46
1072,0.5444444444444445,0.3666666666666667,1.3,4
1073,0.5444444444444445,0.3666666666666667,1.4,66
1074,0.5444444444444445,0.3666666666666667,1.5,13
1075,0.5444444444444445,0.3666666666666667,1.5999999999999999,26
1076,0.5444444444444445,0.3666666666666667,1.7,4
1077,0.5444444444444445,0.3666666666666667,1.8,303
1078,0.5444444444444445,0.3666666666666667,1.9,181
1079,0.5444444444444445,0.3666666666666667,2.0,148
1080,0.5444444444444445,0.4555555555555556,0.1,17
1081,0.5444444444444445,0.4555555555555556,0.2,0
1082,0.5444444444444445,0.4555555555555556,0.3,0
1083,0.5444444444444445,0.4555555555555556,0.4,0
1084,0.5444444444444445,0.4555555555555556,0.5,0
1085,0.5444444444444445,0.4555555555555556,0.6,21
1086,0.5444444444444445,0.4555555555555556,0.7,8
1087,0.5444444444444445,0.4555555555555556,0.7999999999999999,15
1088,0.5444444444444445,0.4555555555555556,0.8999999999999999,62
1089,0.5444444444444445,0.4555555555555556,0.9999999999999999,140
1090,0.5444444444444445,0.4555555555555556,1.0999999999999999,209
1091,0.5444444444444445,0.4555555555555556,1.2,148
1092,0.5444444444444445,0.4555555555555556,1.3,39
1093,0.5444444444444445,0.4555555555555556,1.4,63
1094,0.5444444444444445,0.4555555555555556,1.5,31
1095,0.5444444444444445,0.4555555555555556,1.5999999999999999,32
1096,0.5444444444444445,0.4555555555555556,1.7,25
1097,0.5444444444444445,0.4555555555555556,1.8,13
1098,0.5444444444444445,0.4555555555555556,1.9,24
1099,0.5444444444444445,0.4555555555555556,2.0,20
1100,0.5444444444444445,0.5444444444444445,0.1,0
1101,0.5444444444444445,0.5444444444444445,0.2,0
1102,0.5444444444444445,0.5444444444444445,0.3,0
1103,0.5444444444444445,0.5444444444444445,0.4,0
1104,0.5444444444444445,0.5444444444444445,0.5,0
1105,0.5444444444444445,0.5444444444444445,0.6,2
1106,0.5444444444444445,0.5444444444444445,0.7,3
1107,0.5444444444444445,0.5444444444444445,0.7999999999999999,2
1108,0.5444444444444445,0.5444444444444445,0.8999999999999999,1
1109,0.5444444444444445,0.5444444444444445,0.9999999999999999,20
1110,0.5444444444444445,0.5444444444444445,1.0999999999999999,65
1111,0.5444444444444445,0.5444444444444445,1.2,240
1112,0.5444444444444445,0.5444444444444445,1.3,0
1113,0.5444444444444445,0.5444444444444445,1.4,15
1114,0.5444444444444445,0.5444444444444445,1.5,86
1115,0.5444444444444445,0.5444444444444445,1.5999999999999999,16
1116,0.5444444444444445,0.5444444444444445,1.7,32
1117,0.5444444444444445,0.5444444444444445,1.8,236
1118,0.5444444444444445,0.5444444444444445,1.9,4
1119,0.5444444444444445,0.5444444444444445,2.0,93
1120,0.5444444444444445,0.6333333333333333,0.1,0
1121,0.5444444444444445,0.6333333333333333,0.2,0
1122,0.5444444444444445,0.6333333333333333,0.3,0
1123,0.5444444444444445,0.6333333333333333,0.4,21
1124,0.5444444444444445,0.6333333333333333,0.5,6
1125,0.5444444444444445,0.6333333333333333,0.6,2
1126,0.5444444444444445,0.6333333333333333,0.7,0
1127,0.5444444444444445,0.6333333333333333,0.7999999999999999,0
1128,0.5444444444444445,0.6333333333333333,0.8999999999999999,3
1129,0.5444444444444445,0.6333333333333333,0.9999999999999999,123
1130,0.5444444444444445,0.6333333333333333,1.0999999999999999,12
1131,0.5444444444444445,0.6333333333333333,1.2,0
1132,0.5444444444444445,0.6333333333333333,1.3,67
1133,0.5444444444444445,0.6333333333333333,1.4,5
1134,0.5444444444444445,0.6333333333333333,1.5,1
1135,0.5444444444444445,0.6333333333333333,1.5999999999999999,19
1136,0.5444444444444445,0.6333333333333333,1.7,14
1137,0.5444444444444445,0.6333333333333333,1.8,35
1138,0.5444444444444445,0.6333333333333333,1.9,32
1139,0.5444444444444445,0.6333333333333333,2.0,18
1140,0.5444444444444445,0.7222222222222222,0.1,0
1141,0.5444444444444445,0.7222222222222222,0.2,0
1142,0.5444444444444445,0.7222222222222222,0.3,0
1143,0.5444444444444445,0.7222222222222222,0.4,0
1144,0.5444444444444445,0.7222222222222222,0.5,0
1145,0.5444444444444445,0.7222222222222222,0.6,0
1146,0.5444444444444445,0.7222222222222222,0.7,0
1147,0.5444444444444445,0.7222222222222222,0.7999999999999999,46
1148,0.5444444444444445,0.7222222222222222,0.8999999999999999,109
1149,0.5444444444444445,0.7222222222222222,0.9999999999999999,1
1150,0.5444444444444445,0.7222222222222222,1.0999999999999999,25
1151,0.5444444444444445,0.7222222222222222,1.2,12
1152,0.5444444444444445,0.7222222222222222,1.3,12
1153,0.5444444444444445,0.7222222222222222,1.4,67
1154,0.5444444444444445,0.7222222222222222,1.5,3
1155,0.5444444444444445,0.7222222222222222,1.5999999999999999,18
1156,0.5444444444444445,0.7222222222222222,1.7,76
1157,0.5444444444444445,0.7222222222222222,1.8,14
1158,0.5444444444444445,0.7222222222222222,1.9,18
1159,0.5444444444444445,0.7222222222222222,2.0,204
1160,0.5444444444444445,0.8111111111111111,0.1,5
1161,0.5444444444444445,0.8111111111111111,0.2,0
1162,0.5444444444444445,0.8111111111111111,0.3,0
1163,0.5444444444444445,0.8111111111111111,0.4,0
1164,0.5444444444444445,0.8111111111111111,0.5,0
1165,0.5444444444444445,0.8111111111111111,0.6,9
1166,0.5444444444444445,0.8111111111111111,0.7,6
1167,0.5444444444444445,0.8111111111111111,0.7999999999999999,13
1168,0.5444444444444445,0.8111111111111111,0.8999999999999999,2
1169,0.5444444444444445,0.8111111111111111,0.9999999999999999,23
1170,0.5444444444444445,0.8111111111111111,1.0999999999999999,2
1171,0.5444444444444445,0.8111111111111111,1.2,1
1172,0.5444444444444445,0.8111111111111111,1.3,287
1173,0.5444444444444445,0.8111111111111111,1.4,5
1174,0.5444444444444445,0.8111111111111111,1.5,2
1175,0.5444444444444445,0.8111111111111111,1.5999999999999999,23
1176,0.5444444444444445,0.8111111111111111,1.7,4
1177,0.5444444444444445,0.8111111111111111,1.8,290
1178,0.5444444444444445,0.8111111111111111,1.9,5
1179,0.5444444444444445,0.8111111111111111,2.0,5
1180,0.5444444444444445,0.9,0.1,1
1181,0.5444444444444445,0.9,0.2,0
1182,0.5444444444444445,0.9,0.3,0
1183,0.5444444444444445,0.9,0.4,1
1184,0.5444444444444445,0.9,0.5,3
1185,0.5444444444444445,0.9,0.6,0
1186,0.5444444444444445,0.9,0.7,0
1187,0.5444444444444445,0.9,0.7999999999999999,41
1188,0.5444444444444445,0.9,0.8999999999999999,2
1189,0.5444444444444445,0.9,0.9999999999999999,0
1190,0.5444444444444445,0.9,1.0999999999999999,0
1191,0.5444444444444445,0.9,1.2,6
1192,0.5444444444444445,0.9,1.3,219
1193,0.5444444444444445,0.9,1.4,28
1194,0.5444444444444445,0.9,1.5,46
1195,0.5444444444444445,0.9,1.5999999999999999,0
1196,0.5444444444444445,0.9,1.7,1
1197,0.5444444444444445,0.9,1.8,20
1198,0.5444444444444445,0.9,1.9,29
1199,0.5444444444444445,0.9,2.0,26
1200,0.6333333333333333,0.1,0.1,1
1201,0.6333333333333333,0.1,0.2,1
1202,0.6333333333333333,0.1,0.3,4
1203,0.6333333333333333,0.1,0.4,4
1204,0.6333333333333333,0.1,0.5,1
1205,0.6333333333333333,0.1,0.6,20
1206,0.6333333333333333,0.1,0.7,6
1207,0.6333333333333333,0.1,0.7999999999999999,21
1208,0.6333333333333333,0.1,0.8999999999999999,71
1209,0.6333333333333333,0.1,0.9999999999999999,159
1210,0.6333333333333333,0.1,1.0999999999999999,35
1211,0.6333333333333333,0.1,1.2,26
1212,0.6333333333333333,0.1,1.3,209
1213,0.6333333333333333,0.1,1.4,208
1214,0.6333333333333333,0.1,1.5,225
1215,0.6333333333333333,0.1,1.5999999999999999,174
1216,0.6333333333333333,0.1,1.7,316
1217,0.6333333333333333,0.1,1.8,392
1218,0.6333333333333333,0.1,1.9,219
1219,0.6333333333333333,0.1,2.0,66
1220,0.6333333333333333,0.18888888888888888,0.1,0
1221,0.6333333333333333,0.18888888888888888,0.2,63
1222,0.6333333333333333,0.18888888888888888,0.3,5
1223,0.6333333333333333,0.18888888888888888,0.4,1
1224,0.6333333333333333,0.18888888888888888,0.5,0
1225,0.6333333333333333,0.18888888888888888,0.6,32
1226,0.6333333333333333,0.18888888888888888,0.7,1
1227,0.6333333333333333,0.18888888888888888,0.7999999999999999,82
1228,0.6333333333333333,0.18888888888888888,0.8999999999999999,20
1229,0.6333333333333333,0.18888888888888888,0.9999999999999999,18
1230,0.6333333333333333,0.18888888888888888,1.0999999999999999,5
1231,0.6333333333333333,0.18888888888888888,1.2,41
1232,0.6333333333333333,0.18888888888888888,1.3,5
1233,0.6333333333333333,0.18888888888888888,1.4,31
1234,0.6333333333333333,0.18888888888888888,1.5,13
1235,0.6333333333333333,0.18888888888888888,1.5999999999999999,538
1236,0.6333333333333333,0.18888888888888888,1.7,14
1237,0.6333333333333333,0.18888888888888888,1.8,149
1238,0.6333333333333333,0.18888888888888888,1.9,21
1239,0.6333333333333333,0.18888888888888888,2.0,97
1240,0.6333333333333333,0.2777777777777778,0.1,0
1241,0.6333333333333333,0.2777777777777778,0.2,1
1242,0.6333333333333333,0.2777777777777778,0.3,0
1243,0.6333333333333333,0.2777777777777778,0.4,0
1244,0.6333333333333333,0.2777777777777778,0.5,1
1245,0.6333333333333333,0.2777777777777778,0.6,4
1246,0.6333333333333333,0.2777777777777778,0.7,0
1247,0.6333333333333333,0.2777777777777778,0.7999999999999999,13
1248,0.6333333333333333,0.2777777777777778,0.8999999999999999,10
1249,0.6333333333333333,0.2777777777777778,0.9999999999999999,0
1250,0.6333333333333333,0.2777777777777778,1.0999999999999999,193
1251,0.6333333333333333,0.2777777777777778,1.2,69
1252,0.6333333333333333,0.2777777777777778,1.3,1
1253,0.6333333333333333,0.2777777777777778,1.4,6
1254,0.6333333333333333,0.2777777777777778,1.5,15
1255,0.6333333333333333,0.2777777777777778,1.5999999999999999,99
1256,0.6333333333333333,0.2777777777777778,1.7,4
1257,0.6333333333333333,0.2777777777777778,1.8,4
1258,0.6333333333333333,0.2777777777777778,1.9,201
1259,0.6333333333333333,0.2777777777777778,2.0,45
1260,0.6333333333333333,0.3666666666666667,0.1,0
1261,0.6333333333333333,0.3666666666666667,0.2,1
1262,0.6333333333333333,0.3666666666666667,0.3,0
1263,0.6333333333333333,0.3666666666666667,0.4,0
1264,0.6333333333333333,0.3666666666666667,0.5,10
1265,0.6333333333333333,0.3666666666666667,0.6,4
1266,0.6333333333333333,0.3666666666666667,0.7,0
1267,0.6333333333333333,0.3666666666666667,0.7999999999999999,1
1268,0.6333333333333333,0.3666666666666667,0.8999999999999999,1
1269,0.6333333333333333,0.3666666666666667,0.9999999999999999,147
1270,0.6333333333333333,0.3666666666666667,1.0999999999999999,24
1271,0.6333333333333333,0.3666666666666667,1.2,4
1272,0.6333333333333333,0.3666666666666667,1.3,2
1273,0.6333333333333333,0.3666666666666667,1.4,48
1274,0.6333333333333333,0.3666666666666667,1.5,1
1275,0.6333333333333333,0.3666666666666667,1.5999999999999999,1
1276,0.6333333333333333,0.3666666666666667,1.7,26
1277,0.6333333333333333,0.3666666666666667,1.8,22
1278,0.6333333333333333,0.3666666666666667,1.9,1
1279,0.6333333333333333,0.3666666666666667,2.0,87
1280,0.6333333333333333,0.4555555555555556,0.1,0
1281,0.6333333333333333,0.4555555555555556,0.2,0
1282,0.6333333333333333,0.4555555555555556,0.3,5
1283,0.6333333333333333,0.4555555555555556,0.4,1
1284,0.6333333333333333,0.4555555555555556,0.5,0
1285,0.6333333333333333,0.4555555555555556,0.6,1
1286,0.6333333333333333,0.4555555555555556,0.7,4
1287,0.6333333333333333,0.4555555555555556,0.7999999999999999,126
1288,0.6333333333333333,0.4555555555555556,0.8999999999999999,0
1289,0.6333333333333333,0.4555555555555556,0.9999999999999999,1
1290,0.6333333333333333,0.4555555555555556,1.0999999999999999,1
1291,0.6333333333333333,0.4555555555555556,1.2,7
1292,0.6333333333333333,0.4555555555555556,1.3,1
1293,0.6333333333333333,0.4555555555555556,1.4,2
1294,0.6333333333333333,0.4555555555555556,1.5,3
1295,0.6333333333333333,0.4555555555555556,1.5999999999999999,10
1296,0.6333333333333333,0.4555555555555556,1.7,9
1297,0.6333333333333333,0.4555555555555556,1.8,7
1298,0.6333333333333333,0.4555555555555556,1.9,0
1299,0.6333333333333333,0.4555555555555556,2.0,224
1300,0.6333333333333333,0.5444444444444445,0.1,0
1301,0.6333333333333333,0.5444444444444445,0.2,1
1302,0.6333333333333333,0.5444444444444445,0.3,0
1303,0.6333333333333333,0.5444444444444445,0.4,0
1304,0.6333333333333333,0.5444444444444445,0.5,1
1305,0.6333333333333333,0.5444444444444445,0.6,1
1306,0.6333333333333333,0.5444444444444445,0.7,0
1307,0.6333333333333333,0.5444444444444445,0.7999999999999999,0
1308,0.6333333333333333,0.5444444444444445,0.8999999999999999,0
1309,0.6333333333333333,0.5444444444444445,0.9999999999999999,1
1310,0.6333333333333333,0.5444444444444445,1.0999999999999999,1
1311,0.6333333333333333,0.5444444444444445,1.2,1
1312,0.6333333333333333,0.5444444444444445,1.3,13
1313,0.6333333333333333,0.5444444444444445,1.4,5
1314,0.6333333333333333,0.5444444444444445,1.5,0
1315,0.6333333333333333,0.5444444444444445,1.5999999999999999,3
1316,0.6333333333333333,0.5444444444444445,1.7,53
1317,0.6333333333333333,0.5444444444444445,1.8,10
1318,0.6333333333333333,0.5444444444444445,1.9,169
1319,0.6333333333333333,0.5444444444444445,2.0,9
1320,0.6333333333333333,0.6333333333333333,0.1,0
1321,0.6333333333333333,0.6333333333333333,0.2,0
1322,0.6333333333333333,0.6333333333333333,0.3,0
1323,0.6333333333333333,0.6333333333333333,0.4,0
1324,0.6333333333333333,0.6333333333333333,0.5,0
1325,0.6333333333333333,0.6333333333333333,0.6,37
1326,0.6333333333333333,0.6333333333333333,0.7,5
1327,0.6333333333333333,0.6333333333333333,0.7999999999999999,10
1328,0.6333333333333333,0.6333333333333333,0.8999999999999999,0
1329,0.6333333333333333,0.6333333333333333,0.9999999999999999,0
1330,0.6333333333333333,0.6333333333333333,1.0999999999999999,5
1331,0.6333333333333333,0.6333333333333333,1.2,12
1332,0.6333333333333333,0.6333333333333333,1.3,95
1333,0.6333333333333333,0.6333333333333333,1.4,95
1334,0.6333333333333333,0.6333333333333333,1.5,4
1335,0.6333333333333333,0.6333333333333333,1.5999999999999999,4
1336,0.6333333333333333,0.6333333333333333,1.7,98
1337,0.6333333333333333,0.6333333333333333,1.8,5
1338,0.6333333333333333,0.6333333333333333,1.9,0
1339,0.6333333333333333,0.6333333333333333,2.0,7
1340,0.6333333333333333,0.7222222222222222,0.1,0
1341,0.6333333333333333,0.7222222222222222,0.2,0
1342,0.6333333333333333,0.7222222222222222,0.3,0
1343,0.6333333333333333,0.7222222222222222,0.4,0
1344,0.6333333333333333,0.7222222222222222,0.5,0
1345,0.6333333333333333,0.7222222222222222,0.6,0
1346,0.6333333333333333,0.7222222222222222,0.7,29
1347,0.6333333333333333,0.7222222222222222,0.7999999999999999,0
1348,0.6333333333333333,0.7222222222222222,0.8999999999999999,0
1349,0.6333333333333333,0.7222222222222222,0.9999999999999999,1
1350,0.6333333333333333,0.7222222222222222,1.0999999999999999,0
1351,0.6333333333333333,0.7222222222222222,1.2,48
1352,0.6333333333333333,0.7222222222222222,1.3,0
1353,0.6333333333333333,0.7222222222222222,1.4,24
1354,0.6333333333333333,0.7222222222222222,1.5,1
1355,0.6333333333333333,0.7222222222222222,1.5999999999999999,0
1356,0.6333333333333333,0.7222222222222222,1.7,81
1357,0.6333333333333333,0.7222222222222222,1.8,0
1358,0.6333333333333333,0.7222222222222222,1.9,54
1359,0.6333333333333333,0.7222222222222222,2.0,0
1360,0.6333333333333333,0.8111111111111111,0.1,0
1361,0.6333333333333333,0.8111111111111111,0.2,0
1362,0.6333333333333333,0.8111111111111111,0.3,0
1363,0.6333333333333333,0.8111111111111111,0.4,0
1364,0.6333333333333333,0.8111111111111111,0.5,0
1365,0.6333333333333333,0.8111111111111111,0.6,0
1366,0.6333333333333333,0.8111111111111111,0.7,1
1367,0.6333333333333333,0.8111111111111111,0.7999999999999999,1
1368,0.6333333333333333,0.8111111111111111,0.8999999999999999,5
1369,0.6333333333333333,0.8111111111111111,0.9999999999999999,0
1370,0.6333333333333333,0.8111111111111111,1.0999999999999999,0
1371,0.6333333333333333,0.8111111111111111,1.2,3
1372,0.6333333333333333,0.8111111111111111,1.3,0
1373,0.6333333333333333,0.8111111111111111,1.4,0
1374,0.6333333333333333,0.8111111111111111,1.5,1
1375,0.6333333333333333,0.8111111111111111,1.5999999999999999,2
1376,0.6333333333333333,0.8111111111111111,1.7,100
1377,0.6333333333333333,0.8111111111111111,1.8,0
1378,0.6333333333333333,0.8111111111111111,1.9,1
1379,0.6333333333333333,0.8111111111111111,2.0,0
1380,0.6333333333333333,0.9,0.1,0
1381,0.6333333333333333,0.9,0.2,0
1382,0.6333333333333333,0.9,0.3,0
1383,0.6333333333333333,0.9,0.4,0
1384,0.6333333333333333,0.9,0.5,0
1385,0.6333333333333333,0.9,0.6,0
1386,0.6333333333333333,0.9,0.7,0
1387,0.6333333333333333,0.9,0.7999999999999999,2
1388,0.6333333333333333,0.9,0.8999999999999999,0
1389,0.6333333333333333,0.9,0.9999999999999999,0
1390,0.6333333333333333,0.9,1.0999999999999999,0
1391,0.6333333333333333,0.9,1.2,1
1392,0.6333333333333333,0.9,1.3,11
1393,0.6333333333333333,0.9,1.4,2
1394,0.6333333333333333,0.9,1.5,0
1395,0.6333333333333333,0.9,1.5999999999999999,7
1396,0.6333333333333333,0.9,1.7,0
1397,0.6333333333333333,0.9,1.8,0
1398,0.6333333333333333,0.9,1.9,2
1399,0.6333333333333333,0.9,2.0,24
1400,0.7222222222222222,0.1,0.1,0
1401,0.7222222222222222,0.1,0.2,0
1402,0.7222222222222222,0.1,0.3,1
1403,0.7222222222222222,0.1,0.4,1
1404,0.7222222222222222,0.1,0.5,34
1405,0.7222222222222222,0.1,0.6,14
1406,0.7222222222222222,0.1,0.7,19
1407,0.7222222222222222,0.1,0.7999999999999999,14
1408,0.7222222222222222,0.1,0.8999999999999999,6
1409,0.7222222222222222,0.1,0.9999999999999999,22
1410,0.7222222222222222,0.1,1.0999999999999999,200
1411,0.7222222222222222,0.1,1.2,129
1412,0.7222222222222222,0.1,1.3,31
1413,0.7222222222222222,0.1,1.4,455
1414,0.7222222222222222,0.1,1.5,238
1415,0.7222222222222222,0.1,1.5999999999999999,396
1416,0.7222222222222222,0.1,1.7,380
1417,0.7222222222222222,0.1,1.8,392
1418,0.7222222222222222,0.1,1.9,193
1419,0.7222222222222222,0.1,2.0,253
1420,0.7222222222222222,0.18888888888888888,0.1,0
1421,0.7222222222222222,0.18888888888888888,0.2,0
1422,0.7222222222222222,0.18888888888888888,0.3,0
1423,0.7222222222222222,0.18888888888888888,0.4,1
1424,0.7222222222222222,0.18888888888888888,0.5,0
1425,0.7222222222222222,0.18888888888888888,0.6,0
1426,0.7222222222222222,0.18888888888888888,0.7,1
1427,0.7222222222222222,0.18888888888888888,0.7999999999999999,52
1428,0.7222222222222222,0.18888888888888888,0.8999999999999999,0
1429,0.7222222222222222,0.18888888888888888,0.9999999999999999,0
1430,0.7222222222222222,0.18888888888888888,1.0999999999999999,1
1431,0.7222222222222222,0.18888888888888888,1.2,8
1432,0.7222222222222222,0.18888888888888888,1.3,78
1433,0.7222222222222222,0.18888888888888888,1.4,4
1434,0.7222222222222222,0.18888888888888888,1.5,175
1435,0.7222222222222222,0.18888888888888888,1.5999999999999999,2
1436,0.7222222222222222,0.18888888888888888,1.7,139
1437,0.7222222222222222,0.18888888888888888,1.8,6
1438,0.7222222222222222,0.18888888888888888,1.9,28
1439,0.7222222222222222,0.18888888888888888,2.0,122
1440,0.7222222222222222,0.2777777777777778,0.1,0
1441,0.7222222222222222,0.2777777777777778,0.2,0
1442,0.7222222222222222,0.2777777777777778,0.3,0
1443,0.7222222222222222,0.2777777777777778,0.4,0
1444,0.7222222222222222,0.2777777777777778,0.5,1
1445,0.7222222222222222,0.2777777777777778,0.6,1
1446,0.7222222222222222,0.2777777777777778,0.7,1
1447,0.7222222222222222,0.2777777777777778,0.7999999999999999,1
1448,0.7222222222222222,0.2777777777777778,0.8999999999999999,0
1449,0.7222222222222222,0.2777777777777778,0.9999999999999999,7
1450,0.7222222222222222,0.2777777777777778,1.0999999999999999,11
1451,0.7222222222222222,0.2777777777777778,1.2,0
1452,0.7222222222222222,0.2777777777777778,1.3,3
1453,0.7222222222222222,0.2777777777777778,1.4,3
1454,0.7222222222222222,0.2777777777777778,1.5,46
1455,0.7222222222222222,0.2777777777777778,1.5999999999999999,0
1456,0.7222222222222222,0.2777777777777778,1.7,0
1457,0.7222222222222222,0.2777777777777778,1.8,72
1458,0.7222222222222222,0.2777777777777778,1.9,29
1459,0.7222222222222222,0.2777777777777778,2.0,50
1460,0.7222222222222222,0.3666666666666667,0.1,0
1461,0.7222222222222222,0.3666666666666667,0.2,0
1462,0.7222222222222222,0.3666666666666667,0.3,0
1463,0.7222222222222222,0.3666666666666667,0.4,0
1464,0.7222222222222222,0.3666666666666667,0.5,0
1465,0.7222222222222222,0.3666666666666667,0.6,0
1466,0.7222222222222222,0.3666666666666667,0.7,0
1467,0.7222222222222222,0.3666666666666667,0.7999999999999999,0
1468,0.7222222222222222,0.3666666666666667,0.8999999999999999,0
1469,0.7222222222222222,0.3666666666666667,0.9999999999999999,0
1470,0.7222222222222222,0.3666666666666667,1.0999999999999999,3
1471,0.7222222222222222,0.3666666666666667,1.2,1
1472,0.7222222222222222,0.3666666666666667,1.3,0
1473,0.7222222222222222,0.3666666666666667,1.4,0
1474,0.7222222222222222,0.3666666666666667,1.5,11
1475,0.7222222222222222,0.3666666666666667,1.5999999999999999,0
1476,0.7222222222222222,0.3666666666666667,1.7,2
1477,0.7222222222222222,0.3666666666666667,1.8,0
1478,0.7222222222222222,0.3666666666666667,1.9,2
1479,0.7222222222222222,0.3666666666666667,2.0,11
1480,0.7222222222222222,0.4555555555555556,0.1,0
1481,0.7222222222222222,0.4555555555555556,0.2,0
1482,0.7222222222222222,0.4555555555555556,0.3,0
1483,0.7222222222222222,0.4555555555555556,0.4,0
1484,0.7222222222222222,0.4555555555555556,0.5,0
1485,0.7222222222222222,0.4555555555555556,0.6,15
1486,0.7222222222222222,0.4555555555555556,0.7,0
1487,0.7222222222222222,0.4555555555555556,0.7999999999999999,0
1488,0.7222222222222222,0.4555555555555556,0.8999999999999999,16
1489,0.7222222222222222,0.4555555555555556,0.9999999999999999,0
1490,0.7222222222222222,0.4555555555555556,1.0999999999999999,7
1491,0.7222222222222222,0.4555555555555556,1.2,0
1492,0.7222222222222222,0.4555555555555556,1.3,3
1493,0.7222222222222222,0.4555555555555556,1.4,2
1494,0.7222222222222222,0.4555555555555556,1.5,1
1495,0.7222222222222222,0.4555555555555556,1.5999999999999999,1
1496,0.7222222222222222,0.4555555555555556,1.7,1
1497,0.7222222222222222,0.4555555555555556,1.8,0
1498,0.7222222222222222,0.4555555555555556,1.9,0
1499,0.7222222222222222,0.4555555555555556,2.0,2
1500,0.7222222222222222,0.5444444444444445,0.1,0
1501,0.7222222222222222,0.5444444444444445,0.2,0
1502,0.7222222222222222,0.5444444444444445,0.3,0
1503,0.7222222222222222,0.5444444444444445,0.4,0
1504,0.7222222222222222,0.5444444444444445,0.5,0
1505,0.7222222222222222,0.5444444444444445,0.6,0
1506,0.7222222222222222,0.5444444444444445,0.7,0
1507,0.7222222222222222,0.5444444444444445,0.7999999999999999,0
1508,0.7222222222222222,0.5444444444444445,0.8999999999999999,0
1509,0.7222222222222222,0.5444444444444445,0.9999999999999999,0
1510,0.7222222222222222,0.5444444444444445,1.0999999999999999,0
1511,0.7222222222222222,0.5444444444444445,1.2,0
1512,0.7222222222222222,0.5444444444444445,1.3,0
1513,0.7222222222222222,0.5444444444444445,1.4,0
1514,0.7222222222222222,0.5444444444444445,1.5,33
1515,0.7222222222222222,0.5444444444444445,1.5999999999999999,1
1516,0.7222222222222222,0.5444444444444445,1.7,0
1517,0.7222222222222222,0.5444444444444445,1.8,3
1518,0.7222222222222222,0.5444444444444445,1.9,0
1519,0.7222222222222222,0.5444444444444445,2.0,2
1520,0.7222222222222222,0.6333333333333333,0.1,0
1521,0.7222222222222222,0.6333333333333333,0.2,0
1522,0.7222222222222222,0.6333333333333333,0.3,0
1523,0.7222222222222222,0.6333333333333333,0.4,0
1524,0.7222222222222222,0.6333333333333333,0.5,0
1525,0.7222222222222222,0.6333333333333333,0.6,0
1526,0.7222222222222222,0.6333333333333333,0.7,1
1527,0.7222222222222222,0.6333333333333333,0.7999999999999999,0
1528,0.7222222222222222,0.6333333333333333,0.8999999999999999,0
1529,0.7222222222222222,0.6333333333333333,0.9999999999999999,0
1530,0.7222222222222222,0.6333333333333333,1.0999999999999999,0
1531,0.7222222222222222,0.6333333333333333,1.2,0
1532,0.7222222222222222,0.6333333333333333,1.3,0
1533,0.7222222222222222,0.6333333333333333,1.4,2
1534,0.7222222222222222,0.6333333333333333,1.5,0
1535,0.7222222222222222,0.6333333333333333,1.5999999999999999,26
1536,0.7222222222222222,0.6333333333333333,1.7,0
1537,0.7222222222222222,0.6333333333333333,1.8,0
1538,0.7222222222222222,0.6333333333333333,1.9,1
1539,0.7222222222222222,0.6333333333333333,2.0,2
1540,0.7222222222222222,0.7222222222222222,0.1,0
1541,0.7222222222222222,0.7222222222222222,0.2,0
1542,0.7222222222222222,0.7222222222222222,0.3,0
1543,0.7222222222222222,0.7222222222222222,0.4,0
1544,0.7222222222222222,0.7222222222222222,0.5,0
1545,0.7222222222222222,0.7222222222222222,0.6,0
1546,0.7222222222222222,0.7222222222222222,0.7,2
1547,0.7222222222222222,0.7222222222222222,0.7999999999999999,2
1548,0.7222222222222222,0.7222222222222222,0.8999999999999999,0
1549,0.7222222222222222,0.7222222222222222,0.9999999999999999,0
1550,0.7222222222222222,0.7222222222222222,1.0999999999999999,0
1551,0.7222222222222222,0.7222222222222222,1.2,0
1552,0.7222222222222222,0.7222222222222222,1.3,0
1553,0.7222222222222222,0.7222222222222222,1.4,0
1554,0.7222222222222222,0.7222222222222222,1.5,0
1555,0.7222222222222222,0.7222222222222222,1.5999999999999999,0
1556,0.7222222222222222,0.7222222222222222,1.7,2
1557,0.7222222222222222,0.7222222222222222,1.8,2
1558,0.7222222222222222,0.7222222222222222,1.9,1
1559,0.7222222222222222,0.7222222222222222,2.0,0
1560,0.7222222222222222,0.8111111111111111,0.1,0
1561,0.7222222222222222,0.8111111111111111,0.2,0
1562,0.7222222222222222,0.8111111111111111,0.3,0
1563,0.7222222222222222,0.8111111111111111,0.4,0
1564,0.7222222222222222,0.8111111111111111,0.5,0
1565,0.7222222222222222,0.8111111111111111,0.6,0
1566,0.7222222222222222,0.8111111111111111,0.7,0
1567,0.7222222222222222,0.8111111111111111,0.7999999999999999,0
1568,0.7222222222222222,0.8111111111111111,0.8999999999999999,2
1569,0.7222222222222222,0.8111111111111111,0.9999999999999999,2
1570,0.7222222222222222,0.8111111111111111,1.0999999999999999,0
1571,0.7222222222222222,0.8111111111111111,1.2,0
1572,0.7222222222222222,0.8111111111111111,1.3,6
1573,0.7222222222222222,0.8111111111111111,1.4,0
1574,0.7222222222222222,0.8111111111111111,1.5,28
1575,0.7222222222222222,0.8111111111111111,1.5999999999999999,0
1576,0.7222222222222222,0.8111111111111111,1.7,0
1577,0.7222222222222222,0.8111111111111111,1.8,0
1578,0.7222222222222222,0.8111111111111111,1.9,7
1579,0.7222222222222222,0.8111111111111111,2.0,0
1580,0.7222222222222222,0.9,0.1,0
1581,0.7222222222222222,0.9,0.2,0
1582,0.7222222222222222,0.9,0.3,0
1583,0.7222222222222222,0.9,0.4,0
1584,0.7222222222222222,0.9,0.5,0
1585,0.7222222222222222,0.9,0.6,1
1586,0.7222222222222222,0.9,0.7,0
1587,0.7222222222222222,0.9,0.7999999999999999,0
1588,0.7222222222222222,0.9,0.8999999999999999,0
1589,0.7222222222222222,0.9,0.9999999999999999,2
1590,0.7222222222222222,0.9,1.0999999999999999,0
1591,0.7222222222222222,0.9,1.2,0
1592,0.7222222222222222,0.9,1.3,31
1593,0.7222222222222222,0.9,1.4,38
1594,0.7222222222222222,0.9,1.5,36
1595,0.7222222222222222,0.9,1.5999999999999999,31
1596,0.7222222222222222,0.9,1.7,0
1597,0.7222222222222222,0.9,1.8,96
1598,0.7222222222222222,0.9,1.9,0
1599,0.7222222222222222,0.9,2.0,0
1600,0.8111111111111111,0.1,0.1,0
1601,0.8111111111111111,0.1,0.2,1
1602,0.8111111111111111,0.1,0.3,1
1603,0.8111111111111111,0.1,0.4,59
1604,0.8111111111111111,0.1,0.5,33
1605,0.8111111111111111,0.1,0.6,4
1606,0.8111111111111111,0.1,0.7,171
1607,0.8111111111111111,0.1,0.7999999999999999,37
1608,0.8111111111111111,0.1,0.8999999999999999,39
1609,0.8111111111111111,0.1,0.9999999999999999,3
1610,0.8111111111111111,0.1,1.0999999999999999,11
1611,0.8111111111111111,0.1,1.2,25
1612,0.8111111111111111,0.1,1.3,332
1613,0.8111111111111111,0.1,1.4,203
1614,0.8111111111111111,0.1,1.5,156
1615,0.8111111111111111,0.1,1.5999999999999999,112
1616,0.8111111111111111,0.1,1.7,119
1617,0.8111111111111111,0.1,1.8,141
1618,0.8111111111111111,0.1,1.9,272
1619,0.8111111111111111,0.1,2.0,390
1620,0.8111111111111111,0.18888888888888888,0.1,0
1621,0.8111111111111111,0.18888888888888888,0.2,0
1622,0.8111111111111111,0.18888888888888888,0.3,0
1623,0.8111111111111111,0.18888888888888888,0.4,1
1624,0.8111111111111111,0.18888888888888888,0.5,0
1625,0.8111111111111111,0.18888888888888888,0.6,0
1626,0.8111111111111111,0.18888888888888888,0.7,0
1627,0.8111111111111111,0.18888888888888888,0.7999999999999999,0
1628,0.8111111111111111,0.18888888888888888,0.8999999999999999,7
1629,0.8111111111111111,0.18888888888888888,0.9999999999999999,1
1630,0.8111111111111111,0.18888888888888888,1.0999999999999999,0
1631,0.8111111111111111,0.18888888888888888,1.2,34
1632,0.8111111111111111,0.18888888888888888,1.3,0
1633,0.8111111111111111,0.18888888888888888,1.4,37
1634,0.8111111111111111,0.18888888888888888,1.5,9
1635,0.8111111111111111,0.18888888888888888,1.5999999999999999,5
1636,0.8111111111111111,0.18888888888888888,1.7,7
1637,0.8111111111111111,0.18888888888888888,1.8,68
1638,0.8111111111111111,0.18888888888888888,1.9,84
1639,0.8111111111111111,0.18888888888888888,2.0,11
1640,0.8111111111111111,0.2777777777777778,0.1,0
1641,0.8111111111111111,0.2777777777777778,0.2,0
1642,0.8111111111111111,0.2777777777777778,0.3,0
1643,0.8111111111111111,0.2777777777777778,0.4,0
1644,0.8111111111111111,0.2777777777777778,0.5,0
1645,0.8111111111111111,0.2777777777777778,0.6,0
1646,0.8111111111111111,0.2777777777777778,0.7,0
1647,0.8111111111111111,0.2777777777777778,0.7999999999999999,1
1648,0.8111111111111111,0.2777777777777778,0.8999999999999999,5
1649,0.8111111111111111,0.2777777777777778,0.9999999999999999,1
1650,0.8111111111111111,0.2777777777777778,1.0999999999999999,1
1651,0.8111111111111111,0.2777777777777778,1.2,8
1652,0.8111111111111111,0.2777777777777778,1.3,1
1653,0.8111111111111111,0.2777777777777778,1.4,3
1654,0.8111111111111111,0.2777777777777778,1.5,4
1655,0.8111111111111111,0.2777777777777778,1.5999999999999999,1
1656,0.8111111111111111,0.2777777777777778,1.7,0
1657,0.8111111111111111,0.2777777777777778,1.8,7
1658,0.8111111111111111,0.2777777777777778,1.9,1
1659,0.8111111111111111,0.2777777777777778,2.0,1
1660,0.8111111111111111,0.3666666666666667,0.1,0
1661,0.8111111111111111,0.3666666666666667,0.2,0
1662,0.8111111111111111,0.3666666666666667,0.3,0
1663,0.8111111111111111,0.3666666666666667,0.4,0
1664,0.8111111111111111,0.3666666666666667,0.5,0
1665,0.8111111111111111,0.3666666666666667,0.6,0
1666,0.8111111111111111,0.3666666666666667,0.7,1
1667,0.8111111111111111,0.3666666666666667,0.7999999999999999,0
1668,0.8111111111111111,0.3666666666666667,0.8999999999999999,2
1669,0.8111111111111111,0.3666666666666667,0.9999999999999999,0
1670,0.8111111111111111,0.3666666666666667,1.0999999999999999,0
1671,0.8111111111111111,0.3666666666666667,1.2,0
1672,0.8111111111111111,0.3666666666666667,1.3,0
1673,0.8111111111111111,0.3666666666666667,1.4,2
1674,0.8111111111111111,0.3666666666666667,1.5,2
1675,0.8111111111111111,0.3666666666666667,1.5999999999999999,0
1676,0.8111111111111111,0.3666666666666667,1.7,0
1677,0.8111111111111111,0.3666666666666667,1.8,1
1678,0.8111111111111111,0.3666666666666667,1.9,0
1679,0.8111111111111111,0.3666666666666667,2.0,5
1680,0.8111111111111111,0.4555555555555556,0.1,0
1681,0.8111111111111111,0.4555555555555556,0.2,0
1682,0.8111111111111111,0.4555555555555556,0.3,0
1683,0.8111111111111111,0.4555555555555556,0.4,0
1684,0.8111111111111111,0.4555555555555556,0.5,0
1685,0.8111111111111111,0.4555555555555556,0.6,0
1686,0.8111111111111111,0.4555555555555556,0.7,0
1687,0.8111111111111111,0.4555555555555556,0.7999999999999999,0
1688,0.8111111111111111,0.4555555555555556,0.8999999999999999,0
1689,0.8111111111111111,0.4555555555555556,0.9999999999999999,1
1690,0.8111111111111111,0.4555555555555556,1.0999999999999999,0
1691,0.8111111111111111,0.4555555555555556,1.2,0
1692,0.8111111111111111,0.4555555555555556,1.3,0
1693,0.8111111111111111,0.4555555555555556,1.4,0
1694,0.8111111111111111,0.4555555555555556,1.5,0
1695,0.8111111111111111,0.4555555555555556,1.5999999999999999,0
1696,0.8111111111111111,0.4555555555555556,1.7,0
1697,0.8111111111111111,0.4555555555555556,1.8,0
1698,0.8111111111111111,0.4555555555555556,1.9,0
1699,0.8111111111111111,0.4555555555555556,2.0,0
1700,0.8111111111111111,0.5444444444444445,0.1,0
1701,0.8111111111111111,0.5444444444444445,0.2,0
1702,0.8111111111111111,0.5444444444444445,0.3,0
1703,0.8111111111111111,0.5444444444444445,0.4,0
1704,0.8111111111111111,0.5444444444444445,0.5,0
1705,0.8111111111111111,0.5444444444444445,0.6,0
1706,0.8111111111111111,0.5444444444444445,0.7,0
1707,0.8111111111111111,0.5444444444444445,0.7999999999999999,0
1708,0.8111111111111111,0.5444444444444445,0.8999999999999999,0
1709,0.8111111111111111,0.5444444444444445,0.9999999999999999,0
1710,0.8111111111111111,0.5444444444444445,1.0999999999999999,2
1711,0.8111111111111111,0.5444444444444445,1.2,1
1712,0.8111111111111111,0.5444444444444445,1.3,0
1713,0.8111111111111111,0.5444444444444445,1.4,0
1714,0.8111111111111111,0.5444444444444445,1.5,0
1715,0.8111111111111111,0.5444444444444445,1.5999999999999999,0
1716,0.8111111111111111,0.5444444444444445,1.7,0
1717,0.8111111111111111,0.5444444444444445,1.8,0
1718,0.8111111111111111,0.5444444444444445,1.9,0
1719,0.8111111111111111,0.5444444444444445,2.0,0
1720,0.8111111111111111,0.6333333333333333,0.1,0
1721,0.8111111111111111,0.6333333333333333,0.2,0
1722,0.8111111111111111,0.6333333333333333,0.3,0
1723,0.8111111111111111,0.6333333333333333,0.4,0
1724,0.8111111111111111,0.6333333333333333,0.5,0
1725,0.8111111111111111,0.6333333333333333,0.6,0
1726,0.8111111111111111,0.6333333333333333,0.7,0
1727,0.8111111111111111,0.6333333333333333,0.7999999999999999,0
1728,0.8111111111111111,0.6333333333333333,0.8999999999999999,0
1729,0.8111111111111111,0.6333333333333333,0.9999999999999999,0
1730,0.8111111111111111,0.6333333333333333,1.0999999999999999,1
1731,0.8111111111111111,0.6333333333333333,1.2,0
1732,0.8111111111111111,0.6333333333333333,1.3,1
1733,0.8111111111111111,0.6333333333333333,1.4,0
1734,0.8111111111111111,0.6333333333333333,1.5,1
1735,0.8111111111111111,0.6333333333333333,1.5999999999999999,0
1736,0.8111111111111111,0.6333333333333333,1.7,0
1737,0.8111111111111111,0.6333333333333333,1.8,0
1738,0.8111111111111111,0.6333333333333333,1.9,1
1739,0.8111111111111111,0.6333333333333333,2.0,0
1740,0.8111111111111111,0.7222222222222222,0.1,0
1741,0.8111111111111111,0.7222222222222222,0.2,0
1742,0.8111111111111111,0.7222222222222222,0.3,0
1743,0.8111111111111111,0.7222222222222222,0.4,0
1744,0.8111111111111111,0.7222222222222222,0.5,0
1745,0.8111111111111111,0.7222222222222222,0.6,0
1746,0.8111111111111111,0.7222222222222222,0.7,0
1747,0.8111111111111111,0.7222222222222222,0.7999999999999999,0
1748,0.8111111111111111,0.7222222222222222,0.8999999999999999,0
1749,0.8111111111111111,0.7222222222222222,0.9999999999999999,0
1750,0.8111111111111111,0.7222222222222222,1.0999999999999999,0
1751,0.8111111111111111,0.7222222222222222,1.2,0
1752,0.8111111111111111,0.7222222222222222,1.3,0
1753,0.8111111111111111,0.7222222222222222,1.4,0
1754,0.8111111111111111,0.7222222222222222,1.5,0
1755,0.8111111111111111,0.7222222222222222,1.5999999999999999,1
1756,0.8111111111111111,0.7222222222222222,1.7,0
1757,0.8111111111111111,0.7222222222222222,1.8,0
1758,0.8111111111111111,0.7222222222222222,1.9,0
1759,0.8111111111111111,0.7222222222222222,2.0,1
1760,0.8111111111111111,0.8111111111111111,0.1,0
1761,0.8111111111111111,0.8111111111111111,0.2,0
1762,0.8111111111111111,0.8111111111111111,0.3,0
1763,0.8111111111111111,0.8111111111111111,0.4,0
1764,0.8111111111111111,0.8111111111111111,0.5,0
1765,0.8111111111111111,0.8111111111111111,0.6,0
1766,0.8111111111111111,0.8111111111111111,0.7,0
1767,0.8111111111111111,0.8111111111111111,0.7999999999999999,0
1768,0.8111111111111111,0.8111111111111111,0.8999999999999999,1
1769,0.8111111111111111,0.8111111111111111,0.9999999999999999,1
1770,0.8111111111111111,0.8111111111111111,1.0999999999999999,1
1771,0.8111111111111111,0.8111111111111111,1.2,0
1772,0.8111111111111111,0.8111111111111111,1.3,0
1773,0.8111111111111111,0.8111111111111111,1.4,0
1774,0.8111111111111111,0.8111111111111111,1.5,0
1775,0.8111111111111111,0.8111111111111111,1.5999999999999999,0
1776,0.8111111111111111,0.8111111111111111,1.7,0
1777,0.8111111111111111,0.8111111111111111,1.8,0
1778,0.8111111111111111,0.8111111111111111,1.9,0
1779,0.8111111111111111,0.8111111111111111,2.0,0
1780,0.8111111111111111,0.9,0.1,0
1781,0.8111111111111111,0.9,0.2,0
1782,0.8111111111111111,0.9,0.3,0
1783,0.8111111111111111,0.9,0.4,0
1784,0.8111111111111111,0.9,0.5,0
1785,0.8111111111111111,0.9,0.6,0
1786,0.8111111111111111,0.9,0.7,0
1787,0.8111111111111111,0.9,0.7999999999999999,0
1788,0.8111111111111111,0.9,0.8999999999999999,0
1789,0.8111111111111111,0.9,0.9999999999999999,0
1790,0.8111111111111111,0.9,1.0999999999999999,1
1791,0.8111111111111111,0.9,1.2,0
1792,0.8111111111111111,0.9,1.3,0
1793,0.8111111111111111,0.9,1.4,0
1794,0.8111111111111111,0.9,1.5,0
1795,0.8111111111111111,0.9,1.5999999999999999,0
1796,0.8111111111111111,0.9,1.7,0
1797,0.8111111111111111,0.9,1.8,0
1798,0.8111111111111111,0.9,1.9,0
1799,0.8111111111111111,0.9,2.0,0
1800,0.9,0.1,0.1,0
1801,0.9,0.1,0.2,0
1802,0.9,0.1,0.3,1
1803,0.9,0.1,0.4,4
1804,0.9,0.1,0.5,0
1805,0.9,0.1,0.6,2
1806,0.9,0.1,0.7,0
1807,0.9,0.1,0.7999999999999999,65
1808,0.9,0.1,0.8999999999999999,29
1809,0.9,0.1,0.9999999999999999,24
1810,0.9,0.1,1.0999999999999999,127
1811,0.9,0.1,1.2,66
1812,0.9,0.1,1.3,63
1813,0.9,0.1,1.4,73
1814,0.9,0.1,1.5,56
1815,0.9,0.1,1.5999999999999999,100
1816,0.9,0.1,1.7,126
1817,0.9,0.1,1.8,169
1818,0.9,0.1,1.9,229
1819,0.9,0.1,2.0,53
1820,0.9,0.18888888888888888,0.1,0
1821,0.9,0.18888888888888888,0.2,0
1822,0.9,0.18888888888888888,0.3,0
1823,0.9,0.18888888888888888,0.4,0
1824,0.9,0.18888888888888888,0.5,0
1825,0.9,0.18888888888888888,0.6,0
1826,0.9,0.18888888888888888,0.7,0
1827,0.9,0.18888888888888888,0.7999999999999999,4
1828,0.9,0.18888888888888888,0.8999999999999999,40
1829,0.9,0.18888888888888888,0.9999999999999999,1
1830,0.9,0.18888888888888888,1.0999999999999999,4
1831,0.9,0.18888888888888888,1.2,0
1832,0.9,0.18888888888888888,1.3,0
1833,0.9,0.18888888888888888,1.4,15
1834,0.9,0.18888888888888888,1.5,7
1835,0.9,0.18888888888888888,1.5999999999999999,7
1836,0.9,0.18888888888888888,1.7,28
1837,0.9,0.18888888888888888,1.8,11
1838,0.9,0.18888888888888888,1.9,5
1839,0.9,0.18888888888888888,2.0,4
1840,0.9,0.2777777777777778,0.1,0
1841,0.9,0.2777777777777778,0.2,0
1842,0.9,0.2777777777777778,0.3,0
1843,0.9,0.2777777777777778,0.4,0
1844,0.9,0.2777777777777778,0.5,0
1845,0.9,0.2777777777777778,0.6,0
1846,0.9,0.2777777777777778,0.7,0
1847,0.9,0.2777777777777778,0.7999999999999999,0
1848,0.9,0.2777777777777778,0.8999999999999999,0
1849,0.9,0.2777777777777778,0.9999999999999999,0
1850,0.9,0.2777777777777778,1.0999999999999999,0
1851,0.9,0.2777777777777778,1.2,3
1852,0.9,0.2777777777777778,1.3,0
1853,0.9,0.2777777777777778,1.4,1
1854,0.9,0.2777777777777778,1.5,1
1855,0.9,0.2777777777777778,1.5999999999999999,5
1856,0.9,0.2777777777777778,1.7,12
1857,0.9,0.2777777777777778,1.8,0
1858,0.9,0.2777777777777778,1.9,2
1859,0.9,0.2777777777777778,2.0,3
1860,0.9,0.3666666666666667,0.1,0
1861,0.9,0.3666666666666667,0.2,0
1862,0.9,0.3666666666666667,0.3,0
1863,0.9,0.3666666666666667,0.4,0
1864,0.9,0.3666666666666667,0.5,0
1865,0.9,0.3666666666666667,0.6,0
1866,0.9,0.3666666666666667,0.7,0
1867,0.9,0.3666666666666667,0.7999999999999999,0
1868,0.9,0.3666666666666667,0.8999999999999999,0
1869,0.9,0.3666666666666667,0.9999999999999999,0
1870,0.9,0.3666666666666667,1.0999999999999999,0
1871,0.9,0.3666666666666667,1.2,0
1872,0.9,0.3666666666666667,1.3,0
1873,0.9,0.3666666666666667,1.4,4
1874,0.9,0.3666666666666667,1.5,0
1875,0.9,0.3666666666666667,1.5999999999999999,0
1876,0.9,0.3666666666666667,1.7,1
1877,0.9,0.3666666666666667,1.8,0
1878,0.9,0.3666666666666667,1.9,0
1879,0.9,0.3666666666666667,2.0,1
1880,0.9,0.4555555555555556,0.1,0
1881,0.9,0.4555555555555556,0.2,0
1882,0.9,0.4555555555555556,0.3,0
1883,0.9,0.4555555555555556,0.4,0
1884,0.9,0.4555555555555556,0.5,0
1885,0.9,0.4555555555555556,0.6,0
1886,0.9,0.4555555555555556,0.7,0
1887,0.9,0.4555555555555556,0.7999999999999999,0
1888,0.9,0.4555555555555556,0.8999999999999999,0
1889,0.9,0.4555555555555556,0.9999999999999999,0
1890,0.9,0.4555555555555556,1.0999999999999999,0
1891,0.9,0.4555555555555556,1.2,0
1892,0.9,0.4555555555555556,1.3,0
1893,0.9,0.4555555555555556,1.4,0
1894,0.9,0.4555555555555556,1.5,0
1895,0.9,0.4555555555555556,1.5999999999999999,0
1896,0.9,0.4555555555555556,1.7,0
1897,0.9,0.4555555555555556,1.8,0
1898,0.9,0.4555555555555556,1.9,0
1899,0.9,0.4555555555555556,2.0,0
1900,0.9,0.5444444444444445,0.1,0
1901,0.9,0.5444444444444445,0.2,0
1902,0.9,0.5444444444444445,0.3,0
1903,0.9,0.5444444444444445,0.4,0
1904,0.9,0.5444444444444445,0.5,0
1905,0.9,0.5444444444444445,0.6,0
1906,0.9,0.5444444444444445,0.7,0
1907,0.9,0.5444444444444445,0.7999999999999999,0
1908,0.9,0.5444444444444445,0.8999999999999999,0
1909,0.9,0.5444444444444445,0.9999999999999999,0
1910,0.9,0.5444444444444445,1.0999999999999999,0
1911,0.9,0.5444444444444445,1.2,0
1912,0.9,0.5444444444444445,1.3,0
1913,0.9,0.5444444444444445,1.4,0
1914,0.9,0.5444444444444445,1.5,0
1915,0.9,0.5444444444444445,1.5999999999999999,0
1916,0.9,0.5444444444444445,1.7,0
1917,0.9,0.5444444444444445,1.8,0
1918,0.9,0.5444444444444445,1.9,0
1919,0.9,0.5444444444444445,2.0,0
1920,0.9,0.6333333333333333,0.1,0
1921,0.9,0.6333333333333333,0.2,0
1922,0.9,0.6333333333333333,0.3,0
1923,0.9,0.6333333333333333,0.4,0
1924,0.9,0.6333333333333333,0.5,0
1925,0.9,0.6333333333333333,0.6,0
1926,0.9,0.6333333333333333,0.7,0
1927,0.9,0.6333333333333333,0.7999999999999999,0
1928,0.9,0.6333333333333333,0.8999999999999999,0
1929,0.9,0.6333333333333333,0.9999999999999999,0
1930,0.9,0.6333333333333333,1.0999999999999999,0
1931,0.9,0.6333333333333333,1.2,0
1932,0.9,0.6333333333333333,1.3,0
1933,0.9,0.6333333333333333,1.4,0
1934,0.9,0.6333333333333333,1.5,0
1935,0.9,0.6333333333333333,1.5999999999999999,0
1936,0.9,0.6333333333333333,1.7,0
1937,0.9,0.6333333333333333,1.8,0
1938,0.9,0.6333333333333333,1.9,0
1939,0.9,0.6333333333333333,2.0,0
1940,0.9,0.7222222222222222,0.1,0
1941,0.9,0.7222222222222222,0.2,0
1942,0.9,0.7222222222222222,0.3,0
1943,0.9,0.7222222222222222,0.4,0
1944,0.9,0.7222222222222222,0.5,0
1945,0.9,0.7222222222222222,0.6,0
1946,0.9,0.7222222222222222,0.7,0
1947,0.9,0.7222222222222222,0.7999999999999999,0
1948,0.9,0.7222222222222222,0.8999999999999999,0
1949,0.9,0.7222222222222222,0.9999999999999999,0
1950,0.9,0.7222222222222222,1.0999999999999999,0
1951,0.9,0.7222222222222222,1.2,0
1952,0.9,0.7222222222222222,1.3,0
1953,0.9,0.7222222222222222,1.4,0
1954,0.9,0.7222222222222222,1.5,0
1955,0.9,0.7222222222222222,1.5999999999999999,0
1956,0.9,0.7222222222222222,1.7,0
1957,0.9,0.7222222222222222,1.8,0
1958,0.9,0.7222222222222222,1.9,0
1959,0.9,0.7222222222222222,2.0,0
1960,0.9,0.8111111111111111,0.1,0
1961,0.9,0.8111111111111111,0.2,0
1962,0.9,0.8111111111111111,0.3,0
1963,0.9,0.8111111111111111,0.4,0
1964,0.9,0.8111111111111111,0.5,0
1965,0.9,0.8111111111111111,0.6,0
1966,0.9,0.8111111111111111,0.7,0
1967,0.9,0.8111111111111111,0.7999999999999999,0
1968,0.9,0.8111111111111111,0.8999999999999999,0
1969,0.9,0.8111111111111111,0.9999999999999999,0
1970,0.9,0.8111111111111111,1.0999999999999999,0
1971,0.9,0.8111111111111111,1.2,0
1972,0.9,0.8111111111111111,1.3,0
1973,0.9,0.8111111111111111,1.4,0
1974,0.9,0.8111111111111111,1.5,0
1975,0.9,0.8111111111111111,1.5999999999999999,0
1976,0.9,0.8111111111111111,1.7,0
1977,0.9,0.8111111111111111,1.8,0
1978,0.9,0.8111111111111111,1.9,0
1979,0.9,0.8111111111111111,2.0,0
1980,0.9,0.9,0.1,0
1981,0.9,0.9,0.2,0
1982,0.9,0.9,0.3,0
1983,0.9,0.9,0.4,0
1984,0.9,0.9,0.5,0
1985,0.9,0.9,0.6,0
1986,0.9,0.9,0.7,0
1987,0.9,0.9,0.7999999999999999,0
1988,0.9,0.9,0.8999999999999999,0
1989,0.9,0.9,0.9999999999999999,0
1990,0.9,0.9,1.0999999999999999,0
1991,0.9,0.9,1.2,0
1992,0.9,0.9,1.3,0
1993,0.9,0.9,1.4,0
1994,0.9,0.9,1.5,0
1995,0.9,0.9,1.5999999999999999,0
1996,0.9,0.9,1.7,0
1997,0.9,0.9,1.8,0
1998,0.9,0.9,1.9,0
1999,0.9,0.9,2.0,0
